"","SampleID","Treatment","MetaHybridLouvain","N","Freq","4G2","Axl","CCR4","CCR5","CCR6","CCR7","CD11b","CD11c","CD123","CD127","CD14","CD141","CD16","CD161","CD169","CD19","CD1c","CD20","CD209","CD24","CD25","CD27","CD3","CD38","CD4","CD40","CD45","CD45RA","CD56","CD57","CD66b","CD8","CD86","CX3CR1","CXCR3","CXCR5","DNA","E1D8","HLADR","Osmium","PD_1"
"1","1304","Conv","b_cell_12",2475,0.00898415521716246,0.144756427276051,0.126441877262909,0.0776065682199862,0.0225251581107339,0.505579016764215,0.281183304437513,0.378153431765728,0.0167926839153459,0.125107533066783,0.161814205659778,0.0617694703206452,0.10911813501185,0.32896365612547,0.149526599357845,0.0635737832049238,0.687372262398001,0.121696504635593,0.797275668753111,0.107495237155621,0.714267869965631,0.197520328313573,0.0452852931535395,0.196528048375195,0.748897150894791,0.0454423554283601,0.747929489001002,0.424555376778268,0.616063093806725,0.10609068070253,0.0147975398502875,0.176186870423576,0.0550909476981136,0.127837621220256,0.0460459894045219,0.0805816588292427,0.549186959289146,0.843953517881124,0.0244266347555729,0.69262731289459,0.780141606062449,0.0182058923863432
"2","1369","Conv","b_cell_12",1869,0.00511737937605756,0.133372479553279,0.116535715816204,0.0653900012218816,0.0255059367631246,0.389016009748921,0.220922264063612,0.2942892359554,0.0115072394337275,0.110604444547873,0.158087772456642,0.0561697120258045,0.0856261576432902,0.281273995559282,0.121534431993095,0.0621171515573572,0.668584161773749,0.102242840401232,0.78003946922592,0.0984610481636208,0.689312925332495,0.168783769407061,0.0422379480569033,0.159516764008794,0.712595286740837,0.0370476136606212,0.721692832974168,0.406492850796659,0.58505454736283,0.0941499882752365,0.0122715349254667,0.154429031905516,0.0521390253073899,0.0980278074718414,0.0361501995637551,0.0666824450990125,0.590383046739857,0.838505769217676,0.0299041760589183,0.666604402331387,0.761311192196659,0.0142559866627766
"3","2007","Acute","b_cell_12",5651,0.00953147190484383,0.129648631108255,0.0968280364570278,0.0560172467657409,0.0161829152821485,0.491005569069988,0.160450446917485,0.331255750536872,0.0138940782763985,0.1666071797921,0.133833630877395,0.0519802740192624,0.0810482021623119,0.27788166935208,0.0824402238214526,0.0563393408287013,0.653235521731013,0.123746166300086,0.727775401467076,0.0798713918763105,0.632210681418541,0.118245774563673,0.0428084307796287,0.113293697793127,0.677544139879989,0.0366702773722067,0.667578204261575,0.125659882408185,0.576205704667493,0.0846493028766299,0.0138188377540131,0.117759000714767,0.0399273135093378,0.0793597672979764,0.0294403609170553,0.0538995250646548,0.609047865330874,0.841549385254841,0.0233929065836875,0.650654241557135,0.771848938043659,0.0130672213434716
"4","2007","Conv","b_cell_12",639,0.0055883510428965,0.117600740561296,0.10547455692146,0.0624959618054088,0.0227476263205158,0.423647260919406,0.189401735762515,0.353920413631517,0.0135919213461773,0.17628896167943,0.159488268774335,0.0565056139469696,0.0829991729859268,0.30343602483214,0.124883787872818,0.0486226456331756,0.609360522429123,0.0937175676033253,0.750189128079921,0.0959286167076086,0.701045525917483,0.160701319606752,0.0494958720207477,0.149605892742784,0.740626935396212,0.0419188483679251,0.644634274651104,0.297710724557327,0.559359927389424,0.0844813538194011,0.0166409560564684,0.140296353236321,0.0459339545749336,0.110118764324778,0.0423008820656883,0.0699384515141748,0.38712787776478,0.838304078428091,0.0220390600291538,0.651649508610265,0.772451998177549,0.0143214238224798
"5","201","Acute","b_cell_12",1373,0.00518226630734274,0.125191623055583,0.0899492255986647,0.0555054941923576,0.0121456445544727,0.286993104608304,0.163083015773971,0.251281009889462,0.0124300194339245,0.202571010302167,0.148439269820821,0.050322429766219,0.075077629245228,0.322006790037428,0.0838570510867287,0.0505346397778374,0.609839125268848,0.111964621003162,0.725786195813361,0.0708022616157827,0.641526275677445,0.110561938666787,0.0370959402391004,0.116589044923388,0.66197390947159,0.040575112106258,0.637848997520066,0.216547450633511,0.560928911998848,0.0728142730498688,0.00950840699190528,0.115110310615613,0.0402096584396924,0.0902956905222199,0.030375569732323,0.0510421785825683,0.390514915920178,0.836851493953831,0.0293266352333418,0.618097355445683,0.743516220361674,0.0141705080678803
"6","201","Conv","b_cell_12",13924,0.033969592286824,0.161282735037967,0.149853425893592,0.0761329182410156,0.0200784688863186,0.615651214369784,0.229089461812766,0.223437066018555,0.0148725939772105,0.15239905477908,0.165809769742439,0.0653427017206521,0.105944265315485,0.334966327182735,0.0798269148690258,0.0817877556127798,0.676271190402362,0.292440909357583,0.736123329191327,0.0858646511519453,0.591192247028185,0.135492491279436,0.0442038556695487,0.119668430642931,0.627614565531515,0.0467115985438857,0.754814291028666,0.478928455401876,0.602514342255415,0.109781259983236,0.010678263611589,0.129656457390667,0.052629674237214,0.110793190294859,0.0284143190609078,0.0738586583336481,0.663538117569861,0.847277147387763,0.0276025289713886,0.704187579499908,0.76626319081856,0.016199454796679
"7","2226","Acute","b_cell_12",489,0.00259806499944213,0.13900142015632,0.107877429584127,0.054384985121127,0.0192429390076978,0.56692618562426,0.2056564641316,0.303633826518963,0.0108129792690826,0.169688541059267,0.197076220843311,0.0654744269004916,0.110179348238473,0.385411718946524,0.0741342428338476,0.0772849490151983,0.642034992692231,0.134485676823565,0.759098433953127,0.0838935973271912,0.674430555383321,0.116316261121713,0.0475782112758224,0.130905841670212,0.697901331372822,0.0605832545800479,0.702836607932563,0.463614365815216,0.586353787904842,0.112740950978623,0.0178891027512014,0.227870354707784,0.071330510842824,0.103750292937056,0.0299011007398118,0.0640798193577063,0.688058769922945,0.820458938778737,0.0396260270964895,0.674023435795843,0.762307896645881,0.0166954434011075
"8","2226","Conv","b_cell_12",626,0.00509390359014419,0.143901336007448,0.119746713041925,0.0644515152233223,0.0209968041313338,0.499355156497348,0.255865487332522,0.31651134429379,0.011509993972733,0.170586735699876,0.208314043063916,0.0823600187846411,0.119795254247417,0.411571685637552,0.10934041893134,0.0832678010427591,0.628937893612361,0.106984626078184,0.780837817678832,0.109540715728306,0.759903791890715,0.162986948977483,0.0509827292335485,0.174210912293383,0.764387956420462,0.0701761174908477,0.733000463002752,0.432351889191588,0.596622338848508,0.12358368933366,0.016296853754054,0.262407557333951,0.0802259207384468,0.124632984354049,0.0422270918258938,0.0678342032630086,0.59342717494737,0.824252833768359,0.0242540550117666,0.679973730795785,0.764551549810311,0.0198274659491886
"9","3132","Acute","b_cell_12",15572,0.0376439872843968,0.18504604127677,0.0996717378431709,0.0666441966127808,0.0253309949528267,0.683431053827346,0.249003111099972,0.290477763843672,0.0137973016376343,0.209031572942308,0.181581951782452,0.0962962570286805,0.125006857760584,0.341632326182843,0.0595260616792905,0.0853279211006775,0.661608652295003,0.269556137755881,0.743349580566509,0.0730786164542052,0.584261119258684,0.118356943168357,0.0592634528130751,0.105802446691633,0.622711007798648,0.0666499949311584,0.74044952184594,0.615314484363008,0.607099032985967,0.148361071461638,0.0178456957669338,0.206505601199184,0.0796203271288434,0.125813459084212,0.0257164039720002,0.0623925393517635,0.709168461864841,0.829507425817285,0.0356704704332752,0.675152705557096,0.772180981518831,0.0200899521945676
"10","3132","Conv","b_cell_12",2924,0.0208410548823949,0.146549016839848,0.0929366519522492,0.0603672654795619,0.0214455599742272,0.544542731345316,0.253908750861137,0.294273070757203,0.014758942794244,0.181307406127642,0.167339328473264,0.0818471300569144,0.10337892436125,0.322886773065679,0.0766239746103867,0.0656653751850777,0.604177842354346,0.148355696122698,0.729649221850679,0.0770999618765155,0.641779096574557,0.123985246637815,0.0527389572775548,0.121893833388538,0.662646762856816,0.0603851385466631,0.707840976293946,0.413860521882675,0.569454080338616,0.126361044391315,0.0175692403978885,0.186348095576031,0.0725429513187534,0.116291937622685,0.0301461941510065,0.05639517101221,0.530194657647504,0.822833229525052,0.0318041630285913,0.649243738541189,0.75956717463147,0.0191059784949685
"11","4041","Acute","b_cell_12",3869,0.0099139543583988,0.165662277286072,0.123935425061866,0.0763531015575976,0.0182719533153581,0.547973482280213,0.213384046332963,0.277854510228467,0.0165019203131297,0.138101286794589,0.158517853064904,0.0926545470575334,0.11684136145634,0.365783108230217,0.0574652172334702,0.070796893125843,0.672014587753277,0.329249096669579,0.732608203473307,0.0726744450796153,0.628842640427696,0.141475119969972,0.0548619810860234,0.11583261668581,0.639892106615276,0.0705408507605597,0.74116862337833,0.615014806012678,0.65116177219308,0.149135366503827,0.0150534382110516,0.202384433377964,0.0821297348770236,0.118897444562098,0.0264849950407473,0.0754647058290677,0.694343550627037,0.831546627298819,0.0299578697732495,0.704779662564705,0.770133635880469,0.0184135218316874
"12","4041","Conv","b_cell_12",1218,0.00985205736518131,0.121139262980035,0.128811419174547,0.073699542401162,0.0193878107787659,0.474492203865805,0.248980619188663,0.295002882832967,0.0165154458367954,0.138001429183709,0.175278130554935,0.084904439084695,0.105191320042636,0.38106066502164,0.0812294954282767,0.0636315965910706,0.596002109420327,0.198766819405972,0.745898971501464,0.0797185519483667,0.689374666929499,0.154397087995041,0.0541455434057072,0.140676133643501,0.710139645758959,0.0629184944613861,0.73449883829911,0.412921963169707,0.601784444832804,0.125399232717383,0.0162965342594236,0.200831325311593,0.0742242742275001,0.123319108786077,0.0349985851631875,0.0701262379145405,0.558998573900031,0.826003141693028,0.0265895145015621,0.689309763924691,0.763154171854289,0.0178021681035182
"13","4069","Acute","b_cell_12",628,0.00791829529693607,0.173988218248262,0.127222153526761,0.0614655299804513,0.0196352275246192,0.625167693678458,0.266356240329377,0.315441158758359,0.0160099244719739,0.0836988094499275,0.18835115111856,0.0886044714062919,0.116635414133616,0.374628959627056,0.094555232257013,0.103700705319101,0.678476484809324,0.151190971463584,0.763220424739124,0.0750415958368892,0.692013849634738,0.146406555598039,0.0578377081997834,0.166429861806498,0.731212068431784,0.0715157699924684,0.706342998795874,0.394254549103406,0.61067416318313,0.128263933824914,0.0143969318004997,0.216679424577974,0.103447290350855,0.121421196657821,0.0429862076384023,0.0685051988272863,0.737856465202422,0.832281265594924,0.0155468776018104,0.645666649721114,0.755483150172736,0.0187993683139336
"14","4069","Conv","b_cell_12",666,0.00724472146982998,0.167095945284072,0.125270648443015,0.0693748862046658,0.0234298160742986,0.582167328016567,0.285677704903122,0.294807248377152,0.0265280176993189,0.0842258994752784,0.184862072402397,0.0871843258203486,0.111974079287445,0.384029246041097,0.105826063462561,0.108962590118211,0.665285750558925,0.129850866808129,0.765565650974918,0.0998382743264154,0.689863419373225,0.164750802706396,0.0595292550499913,0.17148741811873,0.749110617439553,0.0779618054661705,0.739891040439469,0.434565363152302,0.58670441141296,0.139721255573753,0.0200262581572983,0.216441417171497,0.0967225926525609,0.124405379481453,0.0493598646013925,0.0668219858045489,0.705632707019724,0.835086123437678,0.0279808021239532,0.673926729259483,0.758871049073997,0.0180712432545569
"15","4243","Acute","b_cell_12",165,0.000352662818011024,0.0983603905524701,0.0990701407902787,0.0429372011807445,0.0221525821382563,0.459946280673396,0.157184581952905,0.324629129658174,0.0438159269998171,0.214091651500051,0.201266299040863,0.0812135957329055,0.111836757078292,0.391441479915645,0.107168052123332,0.0465164252607851,0.60936128476847,0.126666901399746,0.760382742852104,0.0740988411285876,0.729028392179516,0.12732108577726,0.0634879750345967,0.169428201023036,0.693261858703192,0.090323786070052,0.582861948710602,0.629637688816485,0.57141894327683,0.147346974521489,0.0658570764061459,0.214691448362615,0.134973531888596,0.140911333213728,0.0703368672315424,0.05712486618165,0.346840626855035,0.835362074037175,0.0187992395639769,0.572003333259495,0.739789344367428,0.0170222803344739
"16","4243","Conv","b_cell_12",158,0.000735393365634789,0.147625212445588,0.1116408700311,0.0544759792336824,0.0228813722090871,0.524292223116321,0.195211991878287,0.359788317402322,0.0209272606617692,0.188193911702078,0.203669941460662,0.105573518592809,0.122953167986483,0.375736294592677,0.104167767046333,0.0473970901983668,0.651828640281981,0.11247148764593,0.77352630112273,0.0821538319378685,0.797391965754487,0.163595448543524,0.0619098532266458,0.185243610146363,0.736483518779517,0.0852385661429213,0.629017143220792,0.437458938108647,0.581630967780455,0.126649815823965,0.0160856178747143,0.223967843002189,0.123404709854045,0.134032514455644,0.0485175764184582,0.0590632792153268,0.296538272660885,0.826665559006146,0.0363869817821185,0.612025157617449,0.732682560458287,0.0205634465130249
"17","4359","Acute","b_cell_12",3293,0.0126803083629194,0.17654562352681,0.147280679217212,0.076223308959382,0.0307212004173906,0.641450324620674,0.209862147520722,0.344961382541014,0.0170336490474541,0.161502067564402,0.232015294300495,0.111891476754869,0.160789804210237,0.399158767456197,0.0912439141280515,0.106183244901558,0.719536858054916,0.247177481288366,0.796664408561459,0.0888309477741771,0.712556190933082,0.147880373624496,0.0631401604417734,0.169789753954069,0.695479914515025,0.101511525045891,0.731525798039194,0.504892482446136,0.635264023223671,0.161575890877129,0.0161606747839302,0.269190746743525,0.125501960595642,0.166226945675089,0.0395781965211342,0.0838055437845601,0.742852873528086,0.830055394365142,0.0255775703693163,0.714434223426062,0.771853755146986,0.0236696166953745
"18","4359","Conv","b_cell_12",1802,0.0077595487232485,0.160617766230605,0.13295298366075,0.0732423602411682,0.0382171050599117,0.613858595854116,0.304874112505419,0.355299129058182,0.0148727279570584,0.122935461160025,0.226877618003759,0.0995410020320059,0.146530407193719,0.392281869675448,0.0984284875539792,0.110458555755915,0.69094488259061,0.188956748055406,0.790161385581525,0.0930236422772814,0.70239535894902,0.169391960620287,0.060437132645859,0.184935499328981,0.707676249362119,0.0911318902530391,0.751263224439521,0.518100823049841,0.607983579235998,0.153328214792423,0.0154270987781477,0.259852568094855,0.120753153599172,0.155080107372751,0.0460913009858373,0.0809206352847954,0.693129893230035,0.833731760038228,0.0211549810728171,0.706466362801042,0.768426458525736,0.0252165435220063
"19","4445","Acute","b_cell_12",14478,0.0436724954979141,0.17256201050036,0.119382316953794,0.0678326240438333,0.0210809793160305,0.625591607417717,0.28571863510526,0.293644019649395,0.0133056197902245,0.197816213548783,0.166113680987748,0.0994377861926398,0.118690338560976,0.35122282919586,0.073053713101576,0.0993928226535959,0.66884259790179,0.245451554392932,0.739682240100345,0.0807635435920116,0.641577023744432,0.135591975453332,0.0611134837179347,0.147851429943188,0.638564491222743,0.0904716512869226,0.730197299332888,0.530158410203485,0.607970848570629,0.149125320305166,0.0139858107244554,0.20350654357965,0.110293250199458,0.116457933938198,0.0318202522921685,0.0699749349615622,0.73997238726212,0.828587007024414,0.0270739373607975,0.691410387955305,0.755272594665979,0.0188363418790425
"20","4445","Conv","b_cell_12",4182,0.030650835532102,0.166340013866025,0.134474204159572,0.0691778198156895,0.025649726356254,0.613427782874827,0.300669162425963,0.311910546432886,0.01747546806797,0.192191477071762,0.184883148085892,0.100384900492851,0.126973256652752,0.372269003359689,0.0940977471816082,0.0999319090520021,0.663825390788987,0.188670262997983,0.757908181819239,0.0929308403642578,0.677803967461279,0.153970680400309,0.0626671130843992,0.166549830878754,0.679679740109139,0.0934350382430877,0.756443211107512,0.388668024666007,0.611056958478216,0.15022555996711,0.0149717391863185,0.21824845834252,0.117002118651203,0.123468410772354,0.03769753967349,0.0742074534511221,0.678681332998907,0.831799865727967,0.0253982996371145,0.695045383647209,0.759653099291596,0.019736950703858
"21","4515","Acute","b_cell_12",6426,0.0283132344323474,0.165883487413629,0.124183983581682,0.067924918691742,0.0236768151092127,0.697231410583645,0.234259206777163,0.270444572647011,0.0138456464788278,0.212241648778222,0.203927680360292,0.0939801157569393,0.121587989376359,0.389600800680293,0.0806352980993127,0.0855445603456559,0.715588742266644,0.205351328624621,0.771056942424515,0.0882848136051206,0.685917394578382,0.144689193568846,0.0557814550545919,0.151206855285926,0.675629440437729,0.0901412421193377,0.724713070240142,0.423602854896339,0.629823704022552,0.146404341308969,0.0123270267087981,0.227622606333056,0.109314342121829,0.125917053052917,0.0370433849802039,0.0680002985726297,0.704702085531047,0.831041448362209,0.0234530707383174,0.689157799580404,0.755380190526327,0.0203372245294224
"22","4515","Conv","b_cell_12",4397,0.0312298021946802,0.16071557735499,0.127458401690708,0.0673945774060056,0.0222234690303482,0.616010369159275,0.265984663178936,0.26600269235767,0.01386674178671,0.190012848469388,0.205570963925723,0.0918500399954769,0.11012792454446,0.390476046924475,0.0997900495654992,0.0828752440959823,0.694933493936624,0.157113969893038,0.772265139344207,0.105323358458197,0.722107233036756,0.166724423177554,0.0587375167232607,0.170275833430009,0.714102301729825,0.0856280178809233,0.732434107904312,0.410623192438517,0.59552672191236,0.141446589240549,0.0129326887366306,0.223321656771568,0.109419990002521,0.123143190159348,0.0440416924256357,0.0705259440727562,0.61291295628056,0.825545136267772,0.0261993528807846,0.680981227991359,0.752444921513163,0.0203853528406775
"23","4606","Acute","b_cell_12",6738,0.0216298464916505,0.146354363989149,0.139873519512553,0.0833772260663944,0.0236142847309742,0.62748312431678,0.281154735141772,0.225890142817475,0.0184227148854843,0.193678250169392,0.204721007789083,0.100407447075836,0.119813207103006,0.375486432144181,0.0772307856515724,0.0890082139150248,0.665868998274861,0.221739993562345,0.769846172465934,0.0930060954619347,0.622820853709484,0.129768036073909,0.0570997692407297,0.144422588354428,0.667611607066578,0.0881487805254211,0.72559902925544,0.49652312335658,0.610560784089276,0.152069596052263,0.0146813581487946,0.253067359167669,0.112443143963285,0.12237486073814,0.0316052630527346,0.0927122718291869,0.717042945169247,0.829479126757145,0.0251797680666288,0.708945014188472,0.756942014632941,0.0203999054554831
"24","4606","Conv","b_cell_12",2585,0.0163646953064661,0.120944474357784,0.130117527968838,0.0762508756457244,0.0241868964351563,0.581425680938568,0.278498618326258,0.234693846738995,0.0213853635815762,0.202605399625667,0.218580624526177,0.0960605900334492,0.122810427760818,0.389080491018615,0.0914108383011095,0.0871026948152048,0.636355737668291,0.171075878442101,0.780764110158972,0.0978189656718069,0.658617594539061,0.145438395482888,0.0562837207342997,0.162935114259333,0.703981229946144,0.0938651500860629,0.727454200451241,0.407330913345592,0.600957190293222,0.142797334933853,0.0157842858963507,0.269008251806921,0.118762088803064,0.131553239139006,0.0351760038688603,0.0854682477404259,0.664163429115329,0.831629464377743,0.0194538865308965,0.688775470359048,0.757414927852538,0.0205795560498092
"25","4749","Acute","b_cell_12",1,0.111111111111111,0.0756803568412692,0,0.145587187795059,0.0710389366337197,0.524663111031858,0.345306167989087,0.466986097464137,0.164789819887134,0.846028341419608,0.0182965560775651,0.396765250063121,0.0632352169358244,0.367926632044039,0.208289535494002,0.0545396309989885,0.694153868434388,0.409832908174002,0.686761556874455,0.28387024079295,0.598011054829843,0.280738465407363,0.300680793304442,0.350403083843269,0.6798922888757,0.347896523060291,0.689219496687973,0.659411917736967,0.480161388235964,0.0488773343332931,0,0.2484006189606,0.359366108247795,0,0.331201431320996,0.152370881312024,0.74631613959448,0.921157951890356,0,0.586553313944739,0.864195445195606,0
"26","4749","Conv","b_cell_12",5809,0.0157207343739851,0.152560923881339,0.119475099908914,0.0640560420937755,0.0358450675904355,0.604334377526241,0.271147978044122,0.28106602046324,0.0126738428269519,0.203806612387554,0.250767949708492,0.0936462062172649,0.127749586927141,0.414402579766211,0.105389620204027,0.110069414456096,0.700768565057738,0.149709991576849,0.813743539026188,0.09464326895983,0.717458870974474,0.163053789155151,0.0533691356303969,0.170046097424338,0.706282119591609,0.0974220721366928,0.738377732772924,0.624014239713605,0.618156750738693,0.135300307044844,0.0156888608206723,0.293090025924913,0.12358179795059,0.158442057044115,0.0460254078395689,0.0666229710462592,0.678943512602992,0.83379309858582,0.0247510628717967,0.674606758349205,0.764903104448429,0.0240288522380809
"27","4772","Acute","b_cell_12",5746,0.0193121435269365,0.138813782660004,0.106265589186543,0.0564801024226139,0.0307870675986194,0.594469344321555,0.218984922378476,0.318912926326187,0.0211604172487929,0.14528776803732,0.216320513171578,0.0872080458883605,0.116609903390482,0.40143256225496,0.0794446675500984,0.119858693004267,0.639501141273511,0.182350554001046,0.767032211157499,0.0810460319930759,0.67110403912685,0.127000959666828,0.0541105286429544,0.154674255220114,0.691370894691713,0.0856626919744316,0.740968429741109,0.553257700915673,0.600644501242641,0.13546301591106,0.0132319069713366,0.269279743591177,0.111170521990858,0.129558078854357,0.0351011119161717,0.0552749638302748,0.728431029746191,0.833114419195759,0.0278113932897739,0.653153490581919,0.762814974217152,0.0193215656074557
"28","4797","Acute","b_cell_12",6471,0.0192081071213367,0.179192262406142,0.209046064147292,0.10577338581409,0.0336457432394792,0.735347130772758,0.28006540993906,0.315865053912014,0.0153265033013246,0.142388257932969,0.202774065649564,0.115261133978964,0.133130241675806,0.414044599942736,0.0746983680562581,0.0967312727840532,0.720019197166796,0.345875527483018,0.788180614228948,0.112362977274658,0.601338758017935,0.166189546142075,0.0653921154207875,0.173867267971295,0.66545189748022,0.109446032482493,0.762061492291403,0.59457211781795,0.658775072929628,0.187018319535792,0.0128724444523503,0.24598075184314,0.123814538215658,0.144596402273507,0.0379187044428503,0.114390679880896,0.759305057300211,0.827040661651446,0.0321010425182782,0.769410895556086,0.759050487033825,0.0207565562335586
"29","4797","Conv","b_cell_12",1876,0.0126819309524292,0.138676444817216,0.195736948707675,0.0966644275921302,0.0372612399003308,0.569036119970078,0.29623423373982,0.328527805374322,0.0167080767837641,0.154230096715748,0.23215023255972,0.107309077780954,0.132243850691229,0.447710781654018,0.10734523358615,0.0793747468213327,0.67105648671552,0.221803331132375,0.816003931363857,0.125057010837267,0.693772838652058,0.188181393396234,0.0614077248328251,0.203990500731061,0.747471951137172,0.104742025664199,0.74358156469373,0.368851360024248,0.637048167284534,0.166185601756527,0.0137295794933025,0.265340857184064,0.124757331298251,0.154047706431248,0.051528390047088,0.110612642371942,0.568680734232467,0.830801732927875,0.0263076881725525,0.74944269357122,0.755813648712057,0.0238348187723111
"30","4817","Acute","b_cell_12",14391,0.0530841245601222,0.184549526086223,0.107892945079075,0.0634067139251357,0.023407729971925,0.609845931785694,0.204203853360128,0.309787325325439,0.0127907509975279,0.228608411186494,0.200659052056457,0.0979622851944045,0.128400384481478,0.370986962515149,0.0737137889688871,0.10191171017264,0.686547556504949,0.254721192464973,0.742457823101349,0.0719385450128708,0.640034898539413,0.142365259643913,0.0630733482495202,0.15125122624013,0.696548964077136,0.0932164537976919,0.762009095817129,0.531414413756208,0.636567266405075,0.155335536600811,0.0134240075970613,0.201957682975558,0.114798035065993,0.132787939534985,0.0319972138985876,0.063051358978496,0.741206110936657,0.828382076608158,0.0311085087040543,0.692846896963857,0.759836920481324,0.0209423124287816
"31","4817","Conv","b_cell_12",3943,0.0256415258756357,0.161155995219458,0.126821504019655,0.0666811991301412,0.0221626629616625,0.551126223535217,0.205229965058207,0.31243365003242,0.017103551579675,0.219097880626279,0.211306233903193,0.0980571079202196,0.129386826715476,0.385233401389198,0.0892997936272151,0.0994600447854877,0.669046252325432,0.210309712095076,0.753894474867048,0.0858146987629453,0.674948325680716,0.153133304247769,0.0625884847921224,0.164347264243295,0.732878925809104,0.0932138721048259,0.782335407977531,0.456362885262872,0.631515348608913,0.155285679664202,0.01427120335086,0.21838462082154,0.11996299190858,0.144937960225324,0.0376444205260704,0.069648343074241,0.64764783005699,0.825973024801861,0.0303617214671216,0.708688864602073,0.759462593057596,0.0223956625754536
"32","4858","Acute","b_cell_12",4224,0.0221874376240952,0.134773838280716,0.122356624957645,0.0705217224831356,0.0300955342682036,0.572198680003103,0.218363632979609,0.331274746018534,0.0150618954605519,0.185865808558118,0.155617121600391,0.0866242142213214,0.106623352971749,0.329694607477183,0.0721616266025305,0.115677003350352,0.648661847294253,0.185555984479553,0.728166333243018,0.0762579915427916,0.627025333640066,0.114516797343074,0.0618309653308546,0.137209963271162,0.689214423382426,0.0841567049087237,0.752859743331155,0.416721691392825,0.625790724227161,0.1299079904627,0.0153132109209689,0.200129071767781,0.108546202037519,0.107236051823598,0.0348154038770336,0.0702340786565517,0.740472781370468,0.832486601768964,0.0233119615803821,0.690908897686347,0.763830907453349,0.0163333399789448
"33","4948","Acute","b_cell_12",3049,0.00926663222198584,0.163477061895687,0.127795815919381,0.0803073342315227,0.0288544611757189,0.625778984188978,0.259295510350717,0.276409523525439,0.0170146638867231,0.275919516377831,0.216883870606729,0.0982182752517964,0.121356467975305,0.381449132163521,0.0782508679160372,0.0890794440626858,0.694862655924919,0.246512414268704,0.788059518626768,0.08892903929573,0.638457654021121,0.142042812995064,0.0646007830303939,0.141477310294612,0.672852083356484,0.090884391251969,0.736940599979576,0.550516949099713,0.587264352381163,0.150376157059853,0.0192629206700479,0.220088881522097,0.122792656918807,0.145160255782065,0.0332243117540022,0.0791197979187535,0.715805437231868,0.832909317667685,0.0245319877638337,0.711187873147688,0.747798452910041,0.024260571044856
"34","4948","Conv","b_cell_12",1434,0.00782759637113942,0.127176052959113,0.127771004854777,0.0768964568523126,0.0303834311673491,0.556733262331572,0.304391163249001,0.277291209937871,0.0170056073243439,0.21688776942707,0.226414120053704,0.092181154873528,0.115607855981895,0.389544266755677,0.0913505388143227,0.075884576602777,0.648761804614058,0.200745565065242,0.796176863538612,0.0934599309962471,0.666067261520125,0.157812029029148,0.066591369122529,0.156394531794655,0.710319234591777,0.0908089810926263,0.728496544339929,0.458587667639623,0.55092459633135,0.131330058601912,0.0171262760683283,0.224004295606536,0.122904065656422,0.145713385141228,0.0387682552601955,0.0744772500223609,0.567679987639786,0.830685119824622,0.0239020630470551,0.68359795068941,0.744761511267204,0.0254793348830433
"35","5013","Acute","b_cell_12",8445,0.0224769641060583,0.141493251286528,0.08473596930372,0.0619849789858289,0.0236812654887489,0.674581560153613,0.209475827492572,0.251252372259055,0.00920438337961532,0.23916814377138,0.132573296585948,0.0833493820869136,0.0852465175224911,0.293668237896947,0.0631733613958696,0.0778360464003789,0.631161229731105,0.127183602714101,0.705029225516318,0.0711662112637711,0.575741912842933,0.108318958664952,0.0598716485442216,0.134940245381635,0.62259382556918,0.0818816994137773,0.721367156005519,0.562459858955143,0.57824412416265,0.136068857940723,0.0114446197208837,0.165711203652305,0.100319064125713,0.100048875149555,0.0297303617814583,0.0655351311763585,0.707875366262481,0.824461070581377,0.0239838565480986,0.659649920027466,0.744241621978223,0.0179703754918278
"36","5013","Conv","b_cell_12",3847,0.0194093933996963,0.118003004952808,0.0987393120442955,0.0665378648558134,0.0231104705671374,0.608640637291453,0.284474874431807,0.25103003251711,0.0131785853563437,0.20696649828106,0.135959189599384,0.0860914366665624,0.0802142487225026,0.301986565516255,0.0796218380543787,0.0685643022182234,0.587968532811223,0.102728723096028,0.712773088778934,0.0886534293661609,0.605991239838782,0.129130734256033,0.0580971414106335,0.152651565615503,0.662265626701871,0.0798411638957259,0.721179371642108,0.443325419293902,0.547388589513908,0.131078496343681,0.0138414806745609,0.166357753574906,0.0998649817176697,0.0999472851964871,0.0348207375388008,0.0694169649285316,0.583244764705423,0.824748309038501,0.0227245015454939,0.684505156369828,0.742261208332705,0.0175280741242383
"37","5066","Acute","b_cell_12",7498,0.0371754953096801,0.128819426495891,0.0919745880648778,0.050946415696465,0.019725381809947,0.45409370122569,0.187334588208227,0.286305937493638,0.00892549048379392,0.125739888316564,0.219583861806595,0.0743409763491682,0.112925115833645,0.379006214318712,0.0712879928911663,0.0644970111003831,0.658401248419912,0.165508279048848,0.779726222027605,0.0678423005084346,0.637369572735579,0.126282683195905,0.054992904506874,0.131255011780875,0.667661828368887,0.0767861139711845,0.6555349917731,0.392047900535812,0.582110921359144,0.110248787501629,0.00961577757794666,0.220174907620661,0.100785986204207,0.128794266169336,0.032307731178745,0.0563655621363635,0.589533129718342,0.824958067506176,0.022795218756162,0.609061116729796,0.740233883204939,0.0208335223638374
"38","5066","Conv","b_cell_12",4580,0.0349928180679075,0.123794425719447,0.101661749608863,0.0525628441486597,0.0254071576710805,0.473558393421944,0.211364215933337,0.29299241047954,0.00930570075838571,0.143094983419865,0.232966655170682,0.0780561289648388,0.121511399838487,0.392108831687207,0.0948009607405423,0.0670050824998884,0.653734878195163,0.13916015898565,0.790595525877169,0.0822330191639701,0.697663171397991,0.160704682282067,0.0539901083419088,0.155965759142641,0.721868395272976,0.0785073938103998,0.678133167830547,0.368496049545837,0.584326072670189,0.11687362184842,0.0106599354155724,0.230558077042427,0.102974050119566,0.13683754916851,0.0414481255288084,0.0605470322449733,0.532523040884268,0.825078498748349,0.0233086158779886,0.611351296545202,0.744229261903744,0.0220389986783595
"39","5149","Acute","b_cell_12",6238,0.0204792499039727,0.143697471698318,0.100477753180649,0.0637760806915061,0.0260077699674422,0.720284583419851,0.33663503661585,0.33790818399551,0.0140699779003323,0.166893217018386,0.169041597260538,0.0912352814913838,0.10249724881075,0.341744697552943,0.062191591092566,0.107037509236276,0.672406793741911,0.27934338325383,0.743702982843174,0.0711983187715699,0.580390909214975,0.134105223912472,0.0610814677026654,0.142492664724732,0.590218958566776,0.0849071630255117,0.75443350899626,0.506529281356173,0.610820391157442,0.148783460524719,0.013335794499063,0.221365413508049,0.111117282109559,0.109115831662783,0.0261260210471131,0.0621052440949237,0.747663297684751,0.82989292146791,0.025696869240052,0.661461206368891,0.754013024954337,0.0181289401475572
"40","5149","Conv","b_cell_12",2592,0.0141771819569106,0.136056999249616,0.122152405548375,0.0705259251597727,0.0302881014742153,0.672012353067317,0.37476396283919,0.342013467879012,0.0207028109268477,0.146397245642405,0.191521867702582,0.0929141234192749,0.105293173654343,0.366607957499245,0.0784526283415156,0.108164381769377,0.660902077123361,0.230538898677802,0.765017267357863,0.089177553325031,0.626385786597994,0.149785597224008,0.0631117298987334,0.166323107876947,0.636541326827489,0.0859637787218415,0.760431940094372,0.434221556661304,0.600014695684946,0.151535996348831,0.0132143765440688,0.243383388699342,0.11923342323036,0.120943783842386,0.0318391286197078,0.0774893900773434,0.728530063092982,0.833258297151125,0.0251120894780488,0.692134878051364,0.757617913046412,0.0195542596328861
"41","5248","Conv","b_cell_12",1988,0.0103684232486335,0.156990928834786,0.113616461026849,0.0644365699568979,0.0229660783193897,0.660558133119451,0.348793508477516,0.300874780033371,0.0252655072540429,0.0916717523968251,0.190449327145928,0.0862161070155331,0.126825426228155,0.348380675118947,0.0699464815296652,0.100641086853127,0.681819726075902,0.286819496070078,0.763303970811727,0.0744073790400941,0.571525349207169,0.141293973380723,0.0639985486407929,0.140322259346748,0.616725868470478,0.0859115268180828,0.786433967331713,0.476346081446905,0.621302013397288,0.148640345574678,0.0160915308200423,0.239212405702603,0.118784819040601,0.128622310356327,0.0313100105523417,0.0699527350019623,0.692124647646598,0.838854300015189,0.0274379011915885,0.683900246218576,0.775270207170275,0.0210782781675087
"42","5256","Acute","b_cell_12",10,0.000379578667678876,0.100941768055828,0.0923947560627891,0.0617450384638363,0.0567101845949189,0.287324737066687,0.0983688650901951,0.421477095039335,0.0248804445780308,0.178977725859799,0.236218866509339,0.099140990154481,0.148064639511633,0.389296220476114,0.112275366003253,0.0347027785779488,0.573949772225638,0.0759565296290341,0.792444690138258,0.182166391172665,0.69810114967152,0.126905963486076,0.0414102649748109,0.180411012685313,0.662850947281884,0.0969467352556871,0.55160082648882,0.357887922501494,0.570113749024703,0.080041406404378,0.0321432703933799,0.19202251755874,0.107000675397627,0.1516912508619,0.107744355715801,0.0533956136130826,0.578355600446249,0.828664622433618,0.0131204793633545,0.592530339183953,0.72908364419312,0.0469336553884335
"43","5256","Conv","b_cell_12",1308,0.00539176889592402,0.150022608048868,0.138975778153793,0.0850941171876705,0.0342406963934276,0.491240462860536,0.292284699386416,0.362759653896669,0.0120263904216298,0.204917470712793,0.227597853208961,0.0977414289804701,0.143432590106519,0.431854863157176,0.148104881891254,0.0691050931028294,0.722808837104581,0.132758184395944,0.838805683601323,0.10669019134622,0.780103688697427,0.191952101689122,0.0548267694976653,0.217647172551715,0.758526855282655,0.0876205685940234,0.713050010006913,0.577193536754716,0.646500459582343,0.139380426405016,0.0149289677002012,0.267354573177038,0.121230355267295,0.140032818928718,0.0571836351962007,0.0840637008569472,0.557738111588562,0.821835220662022,0.0274473064684249,0.68022536609957,0.748122205461865,0.0202027503691827
"44","5329","Acute","b_cell_12",8425,0.0275680858095528,0.183655770616136,0.188664361350939,0.0942157532680277,0.0323013919553246,0.714253552264052,0.27204411706216,0.324667013123248,0.0142561078703098,0.181563447439761,0.224681666449245,0.118828792537728,0.145092070074239,0.422136206621288,0.0852554276284053,0.105793717281614,0.714994314983713,0.313162366226875,0.769002759500747,0.117027620509265,0.653043872817764,0.167229078392671,0.0657362615340226,0.173978257506044,0.69651147038104,0.110554164928481,0.762591951232309,0.563812439803188,0.656026496717365,0.205603783142851,0.0128882293019878,0.303187795388405,0.135703984625,0.1445235792412,0.0368117529717481,0.104055029087706,0.751409246489268,0.830140264618454,0.0314631858354335,0.7475338507381,0.777120816760786,0.0216155365038729
"45","5329","Conv","b_cell_12",2388,0.0253374076903489,0.15822020945683,0.194619283879079,0.0950648362585731,0.0278938969164711,0.524946929131023,0.312411182559766,0.316108726317519,0.0150436697916679,0.207432929189316,0.232090289340883,0.120880283116951,0.129166544442596,0.428061554301946,0.126413033007892,0.0851470971606124,0.665673053752447,0.201284751485269,0.772834188560441,0.143478116225162,0.732577125383409,0.201094622161351,0.0613369498200023,0.211996562188041,0.770656222060469,0.101264749596613,0.726381347679565,0.353061078147923,0.613620303441856,0.185979424076174,0.0145985953680049,0.294241859127485,0.125332706665785,0.157585522249504,0.0526643418373932,0.106665882479364,0.555932407837712,0.824538375307306,0.0297156223033485,0.739038945011918,0.767922519871622,0.0247821360341769
"46","5338","Acute","b_cell_12",2589,0.0096017267531774,0.131565820995256,0.091970219630685,0.058445023201136,0.0239225132256228,0.575621307896848,0.189329176985797,0.307161213705113,0.0136222951586821,0.127705036912595,0.190305723750317,0.0889883814555637,0.12965998965361,0.377769847626146,0.0752009129491831,0.0723211558524481,0.666165107239238,0.178742813171781,0.790752298322287,0.078207602530435,0.688579419626817,0.133993425257294,0.0560584414302283,0.141839443560718,0.658650863235746,0.0822183812278118,0.687979115193801,0.508120153202615,0.613233444080839,0.136539432795391,0.0157862627222529,0.224072436183113,0.106963655270109,0.120601354947842,0.03182484774927,0.0606895188019334,0.659568635885921,0.828542689364784,0.0239189192772357,0.634095004343218,0.745768632394873,0.020611431111167
"47","5338","Conv","b_cell_12",1918,0.0115293523605718,0.13269651845779,0.0954313779525819,0.0587310722026953,0.0306081769144786,0.573901277690304,0.213711273816452,0.352893014643565,0.0150643171983362,0.148479515020936,0.202467823903037,0.0874832964622203,0.131702409176585,0.390174958115578,0.0996221358152665,0.0758974838009467,0.671395290410741,0.134850766404061,0.801187058861299,0.0860442093370702,0.748378984688768,0.159722313458483,0.054941715034174,0.169631256006148,0.701777470656514,0.0834922325112308,0.69953944322489,0.430209144260039,0.601261218639982,0.133420979152274,0.0161561093383907,0.23122138352084,0.111889209067792,0.125327625810152,0.0400426891697067,0.0596804068732279,0.552593506221179,0.825416410888889,0.0261865116947479,0.622086190115239,0.745993291386755,0.0218342231781302
"48","5355","Acute","b_cell_12",1432,0.0226790408919578,0.11697999778354,0.171540743120793,0.0837034248352933,0.0219468637219288,0.637173544520932,0.228961315796632,0.275894846117777,0.0137839097149982,0.165095660638109,0.200985301239425,0.156366605421473,0.12109251498491,0.396561239408125,0.0930666005267936,0.0862078241000768,0.707505023414274,0.206623306508435,0.794273060834939,0.100026511115356,0.717916064851335,0.154124145382283,0.0656666012859403,0.144562797921179,0.678551287963155,0.0779043184674317,0.713530157075217,0.464711760095979,0.682175122306161,0.193998013258251,0.0117726785657477,0.267743963059134,0.0785319278670537,0.12708557312551,0.0359348578052468,0.0850432148387621,0.690790626769765,0.844601475828409,0.024896191947117,0.731770291271497,0.777805151579474,0.0198978518038533
"49","5355","Conv","b_cell_12",3790,0.0259761622447791,0.12842513434705,0.179905361056116,0.08974264148674,0.0243808163816546,0.587791089866634,0.26666763317202,0.253510100077322,0.0157718141652127,0.165420652191254,0.202044538288159,0.16044694254334,0.112887076951858,0.388824347293801,0.116680546745196,0.0892591828045909,0.708566302562329,0.149800141540907,0.788782529835851,0.11171901024468,0.746563818321754,0.176127067053657,0.0663066938062019,0.172071617724934,0.717141081287873,0.0791050517744458,0.74708922739826,0.466297491901217,0.642880424175852,0.196343057501612,0.0132816291150866,0.261089160560661,0.0769816959890836,0.13351845301795,0.0423531346821401,0.0969004494670314,0.638985681760635,0.841504784193672,0.0274652345801246,0.750179434814824,0.776632815432723,0.020527509463118
"50","5376","Acute","b_cell_12",2563,0.00776398456290857,0.1160048170569,0.144875685404522,0.072331568467107,0.0227278270693138,0.518745463383878,0.208299801024252,0.231193246638262,0.015127511234066,0.20369310099948,0.23535892237787,0.16011821826606,0.132307069366494,0.442731165624013,0.0927562079078815,0.087350469682172,0.648460344519266,0.258553590885913,0.772666338727059,0.0884836106995134,0.664507214267115,0.15224185848974,0.0725883756996855,0.164869734831661,0.712482694160773,0.0936129833765872,0.715682215748588,0.609548150157112,0.62095848427941,0.210318822124997,0.0143513377712388,0.322183037962662,0.0848692026786225,0.146600523965978,0.0330301845371722,0.0807929124445865,0.674289238769045,0.842441972147245,0.0216434129237322,0.720611141193413,0.761826260220442,0.0257494050610168
"51","5376","Conv","b_cell_12",391,0.0230094744894957,0.107877232749328,0.156267933472633,0.0686289848154609,0.0192847734456563,0.506155854309234,0.263201067942976,0.238389868403903,0.0185752005556403,0.213761577977263,0.238982625137498,0.137221008695029,0.119287557315298,0.448485033124787,0.101047830979336,0.0783836397964126,0.629727387913777,0.166901876420127,0.778933448626227,0.0941806565419528,0.696443197896656,0.161393709422331,0.0572563831392392,0.170862797614164,0.735637313271205,0.0826318296176587,0.711241983763625,0.322232388994282,0.577225132714329,0.181088710995895,0.0135203275146522,0.319062809315519,0.0849107892062991,0.154017237917166,0.0367624176304115,0.0778498410785893,0.598274922165098,0.835004100388509,0.0244299880857047,0.711114612716944,0.75822414979213,0.0232751687758545
"52","5406","Acute","b_cell_12",2424,0.0199598168703271,0.13517821577817,0.137369250592831,0.0731666926513265,0.0283470580899212,0.604937959291525,0.258267966469755,0.25105008149838,0.0186824781867022,0.176488235322673,0.201759316236993,0.130705003480392,0.121207076460618,0.412517627702002,0.0785281771455191,0.0752684315499648,0.6757868186669,0.266652756650392,0.762947904802274,0.0823607593540215,0.612552195017971,0.133150959742484,0.0674348164408149,0.135903222070896,0.661607962488388,0.0799538937605309,0.726370464238717,0.417402077302994,0.641616733987352,0.193726973790762,0.0191033383516859,0.275733548617015,0.0717014665065694,0.119929996781682,0.0331485793531981,0.0794129731516159,0.739982638139137,0.852798308158952,0.0273112021862924,0.73535150746773,0.782357055738984,0.0206479391971325
"53","5406","Conv","b_cell_12",616,0.0128055878928987,0.122639062193122,0.148510565928583,0.0787679995177674,0.0298556829523744,0.449590985368961,0.293490389913185,0.249790473746973,0.0199802558999494,0.188771175528494,0.205907050265441,0.116931502705978,0.1087082868271,0.409932080763119,0.118321788780905,0.066369665966808,0.63332655306982,0.200490617157746,0.76171951083917,0.0896373236439511,0.674224377837182,0.167760545603071,0.0626608962461423,0.169100845740214,0.722126117605,0.070640767639842,0.712263682732168,0.366914529314409,0.60194648840079,0.171168133090411,0.0176198292902618,0.278052537980962,0.0717006944568349,0.130373012456601,0.0417504012479564,0.0822818264037513,0.541623865480094,0.845469340917532,0.0210813469121445,0.727899920723565,0.770508096611197,0.0189985118909982
"54","5506","Acute","b_cell_12",2727,0.0106068090502102,0.162979916914958,0.132200941418446,0.072104122616111,0.0548657543903004,0.642529245580079,0.181261514768206,0.282808684701784,0.0192588564540358,0.180870912572857,0.215448204877098,0.158936486483514,0.145490908210014,0.437042768402088,0.0936892106008192,0.0774031638072441,0.700103603110943,0.271152292289922,0.788321463373109,0.0840406690414654,0.730058616495885,0.170452847656815,0.0699340429602671,0.165908946970117,0.713964286120372,0.093424422538087,0.731918596120332,0.535417741274956,0.634528371028183,0.216319343498028,0.0160009747472639,0.311388857197592,0.0909166380676459,0.147006188980243,0.0401529718007196,0.0767622412223666,0.675218022390938,0.851175384041107,0.0359826438039482,0.702646650639964,0.784643670896677,0.0230725539413431
"55","5506","Conv","b_cell_12",970,0.00736214944404387,0.146184792003838,0.130744207854051,0.0694622771694457,0.0581743399909602,0.525785213225687,0.252711511850142,0.278022399897725,0.0199431904388297,0.199601469648275,0.224854237321245,0.142830989312862,0.135498825786122,0.437114804545701,0.125100955075471,0.073201631324343,0.662193690395822,0.179872363062107,0.792798495774987,0.1044704635323,0.769435093916143,0.203956561672171,0.0697663670833927,0.194584722934061,0.766991763299445,0.0915659604761003,0.730075974929499,0.435027544174878,0.595083821250173,0.192757197854179,0.0194368709257002,0.30160433080018,0.0860445271665153,0.152459276177092,0.0551199158453601,0.0783458221009085,0.512354599638509,0.848618016742558,0.0330691374884145,0.69568635832816,0.779563503571844,0.0235697796840264
"56","5540","Acute","b_cell_12",4170,0.0149452723480206,0.159403695053232,0.12867439314745,0.0704123431784071,0.0207652514229319,0.65074983024619,0.265768391037443,0.267860680105303,0.0146734158664476,0.125128641054551,0.189836815228316,0.180065278325959,0.123182560502737,0.428836227028057,0.0835075358479389,0.0893546836645709,0.730382100457069,0.302900410846296,0.763931678383391,0.0847254287203141,0.623672345898736,0.15685128110638,0.0815795169276484,0.166674395894626,0.681097791540054,0.0908337783386255,0.747303739796236,0.576151206915969,0.648467009139887,0.251115272855135,0.0169243369444885,0.288729688431497,0.0863255432742269,0.13000871011735,0.0359000658990155,0.0748868159917783,0.727363955061807,0.844615519445569,0.0270959789318591,0.715385611174023,0.7710139912387,0.0197282677427251
"57","5540","Conv","b_cell_12",1494,0.00944010210980595,0.136304322830776,0.13685870881939,0.0742159175066833,0.0209950494602501,0.556059495151014,0.291109238901528,0.256139702493552,0.0212261349976208,0.119948480481664,0.199696635799012,0.167610711259054,0.111802311095286,0.430494419729419,0.106288466864107,0.0818969405193626,0.691896728268379,0.245875860700512,0.765059865025234,0.0998038565696197,0.62723590827883,0.181123620005581,0.0814486620232116,0.183154122622314,0.723769420963866,0.089016604995597,0.767117210664516,0.506672285985775,0.623310502503161,0.23537526069872,0.0181762500725658,0.289478219064292,0.0835651611232517,0.133513819729147,0.0417293197894737,0.0771359334344731,0.601192933428964,0.84422944505937,0.0251175510836062,0.716770613212972,0.767125591454303,0.0199448528787713
"58","5550","Acute","b_cell_12",3426,0.0129501950467205,0.130037195924934,0.148657857821483,0.0727570492679544,0.0316647124367186,0.566956639823258,0.191591751440689,0.281189430520411,0.0132025594770037,0.232263438346941,0.216262113293014,0.166661894417607,0.128546527275546,0.396140688233301,0.0932100606221647,0.0838392671494171,0.698862404999269,0.262372492252896,0.796500116543526,0.0975593300287389,0.698169260742258,0.152534587486687,0.0757844754882083,0.156567832654293,0.705864710329955,0.0890845648687999,0.728173663357523,0.528798871350755,0.636875235066698,0.21576716926643,0.0168044320027796,0.248215134710824,0.0879744668413375,0.134168589513855,0.0368855724174611,0.0788791551006886,0.705591450543616,0.846618600518961,0.0244222474722037,0.711315108815207,0.773295000406198,0.0225533604128582
"59","5550","Conv","b_cell_12",1283,0.0129446899529834,0.117300799843237,0.169504659029065,0.076212791614473,0.0352166294629191,0.496663755533537,0.264768910395512,0.265859490842517,0.0129611850442479,0.203302233410084,0.232878269065533,0.161561016914939,0.11990224967564,0.414771634126094,0.12770510314711,0.0783072893474899,0.669625603897054,0.193233048224626,0.81482803762389,0.127237358148093,0.761402807945167,0.186050185147129,0.0678174953952523,0.183133048017689,0.761489581379232,0.083358214225747,0.736896495422325,0.415943048923838,0.600445282921283,0.208940364206627,0.0172169734499289,0.25580810609477,0.08951243424403,0.149824840870474,0.0461293343484656,0.0853119004124376,0.576106704813834,0.840109595367863,0.0253116065778269,0.728688273022655,0.770083385326881,0.026190698809877
"60","5575","Acute","b_cell_12",4719,0.0144153225806452,0.160111638667384,0.156867138362278,0.080000668278045,0.031167229946236,0.654020292792228,0.235848750137753,0.29417575080877,0.0190122421124574,0.181598942365779,0.200044169954277,0.195342777341098,0.133025673593327,0.397436787170381,0.0796435550655347,0.0991466333975209,0.719570656337487,0.352583375570049,0.79314530131652,0.0906380178967331,0.661937813429392,0.145066637349914,0.0836883356684566,0.162726185119622,0.673528138563845,0.0948314211203975,0.757860625567042,0.53325802467901,0.630776975157785,0.255679452091996,0.0149965039933782,0.256569390293504,0.0909547588958716,0.138150125313541,0.0335530052450347,0.0790093876734815,0.749218213988897,0.852003480821229,0.0342654906940557,0.728868365169945,0.776859178800784,0.022250932481951
"61","5575","Conv","b_cell_12",1536,0.0102809868676457,0.140522836283663,0.167099138283006,0.0816904912005553,0.0264860382796152,0.514365174109374,0.264809544672318,0.284103787977101,0.0242709220579262,0.193159351111529,0.195006839205973,0.185234695012092,0.114272508426555,0.391280168840683,0.106300136369029,0.0865547257271613,0.674294453122577,0.281065678486734,0.790508743557313,0.110972467091994,0.700519279206108,0.163419843761747,0.0776139116882226,0.183476834864564,0.724958931754615,0.0901237402327338,0.750318795633246,0.459492087995071,0.587876843474708,0.240692006140713,0.0153092996716457,0.245297507219888,0.0847746000191593,0.146266445388535,0.0414961454988859,0.0864267193425257,0.585423567293714,0.844480953978641,0.0335675843690184,0.730634623753276,0.771899684336614,0.0240946994273266
"62","5660","Acute","b_cell_12",195,0.0114015085072794,0.129697291508951,0.132178970632227,0.069991044996818,0.0234932888771326,0.483228804495733,0.150864995181877,0.276399548759746,0.017946124499678,0.132261364922257,0.153286350021159,0.105815160925838,0.0985233045510027,0.360021033614544,0.0876818568142332,0.122903494533647,0.607290922796873,0.145615555074026,0.773170797950742,0.0781172610246658,0.661783609257961,0.143465051903145,0.0531017500041031,0.0980777749181927,0.720118237134064,0.0548992462602238,0.654444799788257,0.363245983717852,0.580527093745696,0.143976074911324,0.0299232920997883,0.219611989334187,0.0554196350663741,0.101433720819975,0.029112282321997,0.0689475987396479,0.740916864756344,0.853751679831078,0.0337798339476456,0.753850126270606,0.784395698570946,0.0124898054219503
"63","5695","Acute","b_cell_12",5161,0.0147432711150724,0.147852443031456,0.122118142381291,0.0621947485277465,0.0301932634095259,0.652889506694109,0.155481375640375,0.329849665345467,0.013484847898482,0.475766106703287,0.219495924879921,0.178522868924117,0.136174603859,0.439096498799791,0.0825431349818439,0.0920571949248229,0.711787114815094,0.29154481816177,0.793764914176563,0.0800375624087849,0.705820428180028,0.15495745294505,0.0723530704479846,0.150879906410076,0.687301473052428,0.0922457975247025,0.714877170150626,0.649962254849586,0.646725688845986,0.226546595791909,0.0143780534838186,0.288649758715294,0.0910163149648312,0.142855025354462,0.0309455894118047,0.0655278549832559,0.694005798842508,0.846800125943081,0.0289977456356242,0.695580740905149,0.776873516761254,0.0462093974880513
"64","5695","Conv","b_cell_12",3564,0.0163810101622933,0.138997577670756,0.127684317274643,0.063680042686603,0.0339997041796973,0.586737917043822,0.188226760021755,0.326171827241073,0.0137400954157594,0.363329118829167,0.229931045757382,0.1599704536282,0.126454264000349,0.449105731348006,0.0991995503734244,0.0822951797038937,0.691471855934179,0.205011367069174,0.802244777049978,0.0837393068821753,0.734587525410301,0.162561821382143,0.0698284799699758,0.163789763086376,0.715164918738079,0.0871364160150366,0.71447669489313,0.580060320830489,0.606666671613345,0.206580029047758,0.0162691955539093,0.285199299652948,0.0885074845838876,0.151144530401258,0.0357749198717629,0.0650214404418576,0.609260492139982,0.844110981452889,0.0291305233935279,0.695606239363372,0.774139313873954,0.0373072562308755
"65","5893","Acute","b_cell_12",11990,0.0518677135379491,0.140796085373269,0.146437318730232,0.0732503442192494,0.0385455767721489,0.680153469745312,0.182265209703369,0.297922524701022,0.0225482552689581,0.235393586117527,0.212086420107632,0.148012588666601,0.124395633812447,0.431167897157443,0.0670029770806148,0.106442867999423,0.699490371794723,0.374639823740535,0.777135301030999,0.0820135694464902,0.658879401712928,0.132589999426552,0.0692204306075712,0.12602976989618,0.676603397222185,0.0813142227769148,0.749064737770271,0.463282620343806,0.639404111286428,0.212455317840472,0.0189347126538773,0.231916203261453,0.0798957259527337,0.137478014983412,0.0276529332288657,0.0713723219700429,0.705303702243863,0.847499194794155,0.033008694509206,0.729262461546414,0.779690897694341,0.0233713465410434
"66","5893","Conv","b_cell_12",147,0.0114951517047232,0.125230972838442,0.12120119665421,0.0526934579196445,0.0328925464257581,0.506962155518431,0.138322821697064,0.30697979061845,0.0235954740344769,0.244462355692301,0.213521709554476,0.110463377893732,0.123273293023536,0.431429240737107,0.0702241631611916,0.0797271164508045,0.641657715366109,0.141101819051534,0.774999418829545,0.0682612626786279,0.733907581758573,0.149479026950642,0.0576933580080521,0.129931091543184,0.730442403957753,0.0715427744093565,0.694903034129851,0.318148465358453,0.568778366963472,0.157097730792367,0.0159276006227198,0.217004568229263,0.0733553164212759,0.133405079982106,0.028313035013549,0.0623854936484636,0.5224775922021,0.83522381498892,0.0256368885165378,0.647110020009918,0.756151614958472,0.026970514561646
"67","5953","Acute","b_cell_12",113,0.00543190885929914,0.0866639283169007,0.0950832238081745,0.0702201520476747,0.0305994011905812,0.395074735843862,0.149141123658151,0.273018786944705,0.0179325551915584,0.21293524872964,0.205559637769556,0.119433758874185,0.108167071603796,0.386416417817089,0.0769602504338815,0.0648842659534817,0.597839386521929,0.154810612351397,0.765987005810426,0.0645615036063564,0.67847356554357,0.131180595785843,0.052621872357039,0.139392839545776,0.662763301609256,0.0687210244075534,0.612416934677611,0.317159161768303,0.604587863488584,0.138526070286615,0.0204674498436852,0.247369744271183,0.0742302717979108,0.116563824385224,0.025527724919374,0.0711126338125754,0.55138750959294,0.847786464477605,0.024891044049251,0.640135754891472,0.75413135284135,0.0168034395933255
"68","5953","Conv","b_cell_12",1840,0.0219803848956529,0.100013274220402,0.121322643134727,0.0709700218753589,0.0243843907410888,0.4164031188555,0.219629611719956,0.264147508343602,0.011639462034056,0.21223088082574,0.254602315733933,0.12238643640981,0.121557264414654,0.440737843269721,0.10511738500014,0.0694666626139867,0.656875058033896,0.127530080568253,0.808847572976367,0.0867916505312212,0.756265308717979,0.176070104437505,0.059184441034657,0.15532875186181,0.719558781822181,0.0734442352750176,0.667400987244527,0.4027423049531,0.618461060734618,0.160313423238324,0.0137514530735879,0.272495124122701,0.073886849591864,0.144739200700615,0.0413919279811502,0.075194795894415,0.567854213127193,0.84203634670354,0.022269220385587,0.682477546364946,0.763804731890396,0.0232397276233719
"69","5962","Acute","b_cell_12",11583,0.0324249422632794,0.165595401810651,0.128684206350353,0.0689457086911603,0.0474158985416356,0.68232043234662,0.268921225757578,0.290051166057315,0.0151090721893148,0.224707889398542,0.176619484147529,0.237906158796721,0.108238598457434,0.369149812613676,0.0711022909385883,0.110134319148639,0.69160056728274,0.330077864818132,0.759507406283854,0.0742555768641324,0.630726534905786,0.147942974141168,0.0852538435087493,0.153139334200644,0.634949280025409,0.0951788642520109,0.71899839183598,0.619706624461621,0.580375283029654,0.291420924091194,0.0181312541297612,0.286097421341156,0.0840583337141035,0.112218789612541,0.02910185484836,0.0646658811960668,0.752106940369092,0.848448473961331,0.031250450016609,0.698154028115683,0.775357191498882,0.0211563125796805
"70","5962","Conv","b_cell_12",11352,0.0438795862516814,0.161780047668223,0.157172490188919,0.0773841380802514,0.04781515687793,0.656363940503105,0.291729860539714,0.281325326939003,0.0171603619578401,0.223485430091813,0.182717111613674,0.240118449560609,0.106391001297332,0.374966313033516,0.0934150266648012,0.108150282540849,0.68300431009506,0.263984630346186,0.764617864552136,0.0918924307021498,0.671043088853047,0.16642834156152,0.083074855455818,0.173080401453674,0.67577530033493,0.0963552213166338,0.747356389555246,0.557790875030582,0.561351521392862,0.289229941294141,0.0182320506017657,0.291222901429722,0.0888131278766475,0.11762508735257,0.0362297482794975,0.0752087428924263,0.673102042037097,0.848013717812775,0.0299181085447357,0.719833739670159,0.777050466236395,0.0215499126536727
"71","5966","Acute","b_cell_12",2581,0.0150695968985006,0.149554956328125,0.124071617032542,0.067690707435379,0.0325048064044463,0.579869049841076,0.204806241478821,0.239292183712778,0.0123989852122164,0.188743764891526,0.196447099349506,0.148387422881241,0.124265691400002,0.374100075966936,0.108962632278486,0.0862135533187194,0.71694248263011,0.19438961971033,0.800934324646297,0.0878627280902966,0.699299914716026,0.163521142264817,0.0631887647864018,0.170612938887602,0.71478170943522,0.074114694019458,0.709437563470014,0.461954048526175,0.611955266474898,0.19025180886749,0.0133544999173519,0.260608541733241,0.0766293794365291,0.120528490508607,0.0392088769029919,0.0731544695004018,0.686770618084604,0.845865286550279,0.0275938466563388,0.699809488540539,0.770678100493484,0.0201944093443185
"72","5966","Conv","b_cell_12",3336,0.0177222452427246,0.138559316583866,0.141125217353256,0.0713125518051037,0.0403188590702264,0.507503468151212,0.273044851877237,0.254037131023157,0.0156837034838287,0.181921304890387,0.206332032058636,0.148283898967569,0.118399614401047,0.387074636582341,0.131123280464743,0.0829225090102452,0.705147676626233,0.143115605036957,0.815327962545231,0.100181842652488,0.735048172767445,0.193650712084222,0.0637139103995139,0.195101124834,0.75042652205327,0.0799726151417145,0.733680879749139,0.483766005715886,0.581907133449154,0.18691645316908,0.0161324652683138,0.270402575865508,0.080612437417435,0.130968967402691,0.0467641977094269,0.0773382371959016,0.589902830098249,0.843921442588635,0.0283558850712215,0.710133369509146,0.769514223827003,0.0215145501369612
"73","6215","Acute","b_cell_12",8614,0.0193563029326574,0.146412962867114,0.111908192960027,0.0594863357004754,0.0301275878813042,0.681393487056114,0.293309576815904,0.284061095158593,0.0162108079842162,0.183801915901885,0.192955234552743,0.208213434885629,0.114886195361235,0.415565997969407,0.0580278359392698,0.0929988380365766,0.700702227238649,0.367735153713971,0.76435940569495,0.0617130034241235,0.590771963726753,0.139165220753093,0.0800010160952377,0.142110204738163,0.609677048751865,0.0978492564641347,0.74576438444069,0.624918711064345,0.602756681563355,0.254503445578656,0.017177644586563,0.322399211873601,0.083541925263332,0.119615667919003,0.0256255138997642,0.0594664764203617,0.753056057412215,0.8491212261452,0.0271346938160848,0.697966162801446,0.773324895538941,0.0221912339782736
"74","6215","Conv","b_cell_12",4002,0.0134541359197189,0.138135236747028,0.121637318975137,0.0636181565979133,0.0249132657255963,0.624894204586484,0.274940937189145,0.27767928389318,0.0161203576020979,0.182816648765178,0.204210427942118,0.198473126280038,0.111910671007324,0.424909103212658,0.0773411947163423,0.0857261363141662,0.689019458639953,0.291808639725059,0.772809790634618,0.0728448376664575,0.639944375276973,0.148516538064163,0.0812422100674065,0.161492225372696,0.658922036272219,0.0960309848359255,0.745123599980017,0.584248164379134,0.579626802728849,0.245220587340034,0.0173615935899187,0.321651116115186,0.0876898966171285,0.131934900010121,0.0312437058849217,0.0648298739288789,0.637229000132164,0.847238262952398,0.0289676217969653,0.701254980186702,0.772665745184947,0.0233869404736257
"75","6248","Acute","b_cell_12",2123,0.0132795396259461,0.107008745333623,0.115826263734619,0.0668158017804057,0.025948248410499,0.388259559461431,0.216151521772491,0.212764659840765,0.0157545173537129,0.178748465572576,0.203859548219455,0.147898922970692,0.110982789095386,0.446863557473387,0.095781420608456,0.0615718732274922,0.651171180177978,0.211265162520619,0.783057704929363,0.0790902300032276,0.624948985723796,0.133550610595201,0.0666358103687918,0.152850274495703,0.70620459832587,0.0725684439614221,0.648732870263788,0.473780277848342,0.557378928771148,0.197780979522001,0.018420718079653,0.216032522172069,0.0750477632382128,0.112582878202322,0.0336832316590564,0.0652739015914411,0.578594321471052,0.834743714691746,0.0196055301477552,0.684842758107964,0.746727758858621,0.021850445187517
"76","6248","Conv","b_cell_12",2753,0.0122196971042025,0.105118720518144,0.12965773266829,0.070368675781902,0.0260333777536253,0.457271450728829,0.280314475578035,0.218891693990801,0.0146065919233541,0.161402333017813,0.223765217423969,0.144268950590611,0.116845021000354,0.472846960670665,0.119203882681819,0.0705047033431567,0.656968985107705,0.157840120449078,0.80348862307275,0.0890962925565485,0.674104920869423,0.171982577719199,0.068346339404614,0.180104816584441,0.753257508684283,0.078770352705477,0.691746655199668,0.556032599654912,0.548524051459362,0.200322979666772,0.0176475564858669,0.237386757199397,0.0814454312576108,0.126873142518597,0.0416103776467549,0.072882584894767,0.630385830118717,0.840983267488752,0.0233975301197259,0.695797517436819,0.75970121359512,0.0235030803402706
"77","6364","Acute","b_cell_12",4248,0.0180691374198735,0.167830916725552,0.160482726481705,0.0819280606276414,0.0270718954850528,0.604990716339484,0.197218247012218,0.274311696215429,0.0176012269674962,0.213141136962527,0.194104012722516,0.201313291046222,0.14696413214267,0.412395914483103,0.0867329593907961,0.111187430389561,0.705782856061705,0.327151115869127,0.784960569074596,0.0990268812013466,0.667811278862942,0.153639141110151,0.075904727561614,0.154157979360416,0.666173823269422,0.0928639475642166,0.740088903481993,0.495690951473448,0.673172706242739,0.242929383326407,0.0172419683014029,0.206160854391275,0.087148547606584,0.146019933289568,0.0368760830543396,0.0885765745002475,0.72577736169716,0.84376291637639,0.0332322704403021,0.738593052049812,0.750414478741459,0.0212481256747343
"78","6364","Conv","b_cell_12",4948,0.0315659868198608,0.163046191468733,0.16377853807908,0.0794063885506461,0.0254562222517697,0.551690007776899,0.210397639028738,0.268468190085074,0.0198536832714941,0.204031506721235,0.206154721912738,0.182694200330219,0.141848648342338,0.425005367847706,0.102441872789975,0.099773559939852,0.70209033732808,0.243117865265952,0.799128105144796,0.101862053179868,0.700049491046894,0.158890759277603,0.0745479180029508,0.159187833623924,0.697749307979476,0.0890081363585176,0.752684861294568,0.451230719318079,0.640164751705863,0.22695536548365,0.0158373890750312,0.207178320003187,0.0844794529732023,0.146154210522695,0.0407081288550467,0.0844142962954415,0.627656365722872,0.843201142235231,0.0343697056834482,0.732664887312743,0.750764425749382,0.0224310618339047
"79","6547","Acute","b_cell_12",1589,0.00458575270989414,0.137055881780755,0.100528426620089,0.0516151349755805,0.0210124331547931,0.41476527122325,0.169172391627482,0.2705378557423,0.012164337829831,0.21286307536184,0.166971117745863,0.160594560727018,0.102019239333986,0.327832016793076,0.0961480701887132,0.0593664332479957,0.644300718541209,0.152969963349526,0.742884899144957,0.0727397598531457,0.745511973519134,0.145211416443098,0.0724168340607832,0.170165157185505,0.707848267134395,0.0774599887344952,0.648707756516574,0.603071722985832,0.61179042969988,0.212897253429393,0.0189139511680042,0.225143130608209,0.0704906037326693,0.114484774062106,0.0394276048931499,0.0552835354752994,0.513280366619607,0.842240246797216,0.0256659868237734,0.648560568546815,0.766084716964122,0.0188165120248565
"80","6547","Conv","b_cell_12",1222,0.00687757135058167,0.137362255265372,0.107952981919192,0.0523738173865386,0.0180279475175267,0.349991055426174,0.230337582433693,0.285043870550146,0.0117243293029483,0.208419410657677,0.193816996469779,0.154853571989358,0.103962089851095,0.343648219568234,0.120097717208114,0.0593697678661672,0.629393668835378,0.127035428400489,0.760220330929889,0.0918353425876459,0.792743542537565,0.180234394318361,0.0686440281107629,0.1892034916171,0.751692391071106,0.0753848404906694,0.662654067750579,0.472841167167055,0.569367516320834,0.206711457535571,0.0166082587902229,0.235032745562909,0.075171933752418,0.127917027607268,0.0476404192491332,0.0611408730933122,0.404065659778831,0.839683034825913,0.0260941773762409,0.642486074188377,0.76306077189927,0.0201164987514284
"81","6563","Conv","b_cell_12",4,0.00147167034584253,0.223924364132662,0.148386026928374,0.146020555464536,0.178297959281392,0.702805690042048,0.42957614686875,0.259975953654957,0.0386512121914448,0.14623787061803,0.151904897773026,0.132037098791229,0.0767640981810664,0.399447894804327,0.0418486736966113,0.0552351414264989,0.664717534042133,0.283717888195666,0.788008478890085,0.158749691754967,0.637979840434578,0.247935098215747,0.0842809070319517,0.0306337436688808,0.737207200602439,0,0.797468158447481,0.434473713246661,0.575536272908748,0.145715797060458,0.0149156056778907,0.321270763832785,0.0478025146440691,0.123939089539859,0.0424536572759342,0.112199843406663,0.707846270718803,0.904443236607498,0.055045314892877,0.743761834966515,0.838031421865441,0.00862496456091031
"82","6605","Acute","b_cell_12",83,0.00317995479100418,0.0949714424323396,0.101656610945898,0.0617496754053083,0.0293107871829695,0.34324488861085,0.151184264890092,0.278031047153136,0.0132498331193598,0.377120961474571,0.140126410844111,0.104797812628478,0.103506283546307,0.32436924585414,0.0741272457679453,0.0681431431674138,0.599184817974111,0.165562365218859,0.741449048632436,0.0668681648076481,0.671293217808811,0.109042711653142,0.0635256940685031,0.127418714618547,0.682744333083597,0.0598218363712765,0.607345380583058,0.354616052813605,0.579776021249444,0.139159669498028,0.0271885987502254,0.251401261173335,0.0574895437608094,0.0984193340223225,0.0463248460595356,0.0506688980877997,0.616864572466701,0.848101110040862,0.0232203499403868,0.639492555057799,0.756560001389077,0.0165790614342677
"83","6605","Conv","b_cell_12",3221,0.0129852852247531,0.119708076723175,0.138633453127855,0.0654825030468872,0.02869655126645,0.521466489761809,0.225111966221141,0.263178880427011,0.0233884811346524,0.356872006846918,0.172185851716911,0.13560152840182,0.136702590587036,0.346696102367197,0.107652794423999,0.0731710349284345,0.653618207177067,0.22633655847496,0.759771405263202,0.0938710080577012,0.707816102163976,0.154016615907299,0.0671277008522978,0.17200198901366,0.733598813543223,0.0772224649734482,0.717319910506876,0.618067177906992,0.639194550228549,0.188074981935497,0.0194929636186825,0.270117185090667,0.0769566503495498,0.113792975776049,0.037746760320867,0.0733702063156501,0.623061123361713,0.848284632877314,0.0226933047751354,0.698062627900372,0.780013466613594,0.0267483749015609
"84","6625","Acute","b_cell_12",4488,0.0151258295108708,0.149915257448625,0.12561691439583,0.0664763182972769,0.0232335008439653,0.538701286253126,0.265808322295778,0.253825396238294,0.0164917679880631,0.256823917283442,0.180607257283394,0.165435334602935,0.103787453259568,0.391619097580362,0.0676885307097801,0.0977678394589176,0.682351860787321,0.266267330468722,0.746168394306817,0.0736369551919738,0.613624509749246,0.115471741737069,0.0676795811081156,0.110876987961621,0.622842009852855,0.0760085400913434,0.703453565794227,0.527082666140617,0.599212640893852,0.224468348694589,0.0167354569190881,0.249809761050792,0.078478408084498,0.104705186809199,0.0295487595121662,0.0689052624237185,0.70984876921072,0.84365748325379,0.0275642817767681,0.718924127821492,0.769483629130239,0.0228299881642753
"85","6625","Conv","b_cell_12",1404,0.00942731100054388,0.14874334758108,0.137047359703912,0.0694260363140453,0.0265035641994967,0.557202122153954,0.264548608351059,0.262212038339033,0.018759474397057,0.254072962470534,0.195724600082032,0.167341734962158,0.105062100442501,0.411289715639283,0.0919030768130776,0.102143270797251,0.671979441793408,0.203331275992063,0.76186903394456,0.0919555941079554,0.662028404313407,0.13623604773758,0.0627890419064091,0.138447405560118,0.674913302108403,0.0767940198367957,0.726954333341494,0.434450024448066,0.591309948754547,0.224438173577641,0.0181220976247067,0.259851120284018,0.0745720034357197,0.115732932506931,0.0388424415509946,0.0722561300801214,0.66362041137086,0.844019683155867,0.0288638360016776,0.730391073026101,0.771002614596611,0.0214075733005768
"86","6643","Acute","b_cell_12",1640,0.0103817180477306,0.139251869342622,0.129574136109211,0.0776207992748554,0.0202463920029257,0.572905472499248,0.224551248979307,0.234668976491889,0.00967055364134832,0.220313923789883,0.169761260880488,0.134591646398989,0.106106509055833,0.377789810758989,0.072622668409385,0.0749742889481097,0.628067176262397,0.185857861582853,0.731624992064224,0.0872011822921999,0.637874729964024,0.120359924546895,0.057889023504589,0.144031602811728,0.67065109036601,0.074276241972081,0.702887109622921,0.43408307620254,0.598547748337703,0.179271140809441,0.0149124800306106,0.223551421943054,0.0768885665256007,0.100263093222518,0.028443703562053,0.0747758340746157,0.736206712680818,0.843447992453661,0.0221216773002171,0.717934649758894,0.77382800765112,0.0211271443721014
"87","6643","Conv","b_cell_12",988,0.00933484504913076,0.120364283732097,0.142068384816791,0.0807133476270402,0.0242584149722099,0.526667196899478,0.258195658191819,0.238512363033953,0.0103217223259534,0.197872446980462,0.180253701716193,0.127449969904375,0.094435672349585,0.391271131595266,0.0920564548270157,0.0689713247490571,0.598226517228534,0.135835850377733,0.745379748674491,0.0960264875237907,0.675056007763223,0.148516203746286,0.0526530513263677,0.160934262772992,0.719495558948537,0.0715292997271475,0.731777043523594,0.435000585313505,0.549786404092774,0.167998015354093,0.017444579739748,0.220846119819483,0.0749553991856013,0.118007712382903,0.03530011777639,0.0765579713757834,0.59836647111071,0.843264307093519,0.0237561443011716,0.7273316929231,0.774514672299643,0.0222661017098221
"88","6661","Acute","b_cell_12",3007,0.0175975561225684,0.137216013273104,0.14090643389057,0.0776210651738302,0.0194961751132949,0.569855183397371,0.250383851364143,0.252619730479316,0.0164957363574796,0.234752884436007,0.160144077302602,0.178418728645543,0.107330943766536,0.363546419598336,0.0696820273497832,0.0970787015797431,0.630103691639544,0.350009519990541,0.736912417363679,0.0839541218770235,0.636414899265905,0.143100324956511,0.0734315922627495,0.144651863423673,0.678658396056457,0.0816118028312719,0.731623434018199,0.505980636303157,0.632900194942728,0.226841026464563,0.0195866408409206,0.286392566607419,0.0811335913851779,0.113702028290523,0.030213699474079,0.0817616225950111,0.735209350164281,0.845462476319347,0.0225188127707225,0.745728907962881,0.781900942991438,0.0198865095252076
"89","6661","Conv","b_cell_12",3132,0.0174702693054285,0.118805596576281,0.133319815676972,0.0728762187603303,0.0196189174563379,0.536778917388177,0.244044379161854,0.253711138479863,0.0140736187115963,0.230802075876934,0.147545090991463,0.163180927359884,0.0921343608701954,0.342737773088545,0.081430914069644,0.0952606387991386,0.596290789014524,0.228785267000796,0.718168894302771,0.0841080272179127,0.651755690163569,0.148682376026971,0.0692499622346881,0.159908433726469,0.702647190468024,0.0717557112960653,0.744117012508692,0.571883910624775,0.593980489599066,0.210241138122395,0.020273793032675,0.256517137764372,0.0727060788733223,0.10764232406278,0.0342218234987439,0.0752672442413834,0.641986149029,0.845479976101972,0.0223613875864048,0.722994317693777,0.783209441259809,0.0176426076149565
"90","6669","Acute","b_cell_12",3071,0.0106473712676994,0.15555105188539,0.100346260625681,0.0624817760109113,0.0184538160244448,0.682321600326746,0.17624746578571,0.232677885419895,0.0287044961422435,0.173203971002789,0.248861885569455,0.147293008882003,0.130688517871489,0.467245843513254,0.0632335896019308,0.0809459826195005,0.700709043375502,0.242380970483269,0.797607755123361,0.0741062660554326,0.657874747515762,0.1255578755097,0.0697215493913975,0.132145619121868,0.672866355509371,0.091543229035992,0.754389878422576,0.644502489343589,0.641467940888337,0.208165757816268,0.018627855086621,0.313839969895494,0.0977106136995547,0.151744260117193,0.0259638670705183,0.0658801292768345,0.749566331417783,0.851049381370171,0.0278996314937251,0.72102747516408,0.796389795052929,0.0222197229909869
"91","6669","Conv","b_cell_12",771,0.014356205195047,0.143865263362945,0.107562030902,0.0616929433168436,0.0272882183326846,0.571601655210543,0.24754142499884,0.293753336940766,0.0231451438851456,0.17840017592366,0.265068812425558,0.139432678089979,0.130751386814305,0.482982696955497,0.101775139469684,0.0740211200802136,0.682043085287108,0.166070669999584,0.809473592215876,0.0996749940650776,0.743361587606229,0.167910617182186,0.0623773099983713,0.172606202592566,0.745354207356334,0.0890152389112279,0.741068978768659,0.418283546724258,0.611387484278648,0.193082804723222,0.022242890812914,0.319873402255747,0.102583429617185,0.174503076958316,0.0399893065006644,0.0685884042154443,0.59357764114862,0.842971332503182,0.0301582053192244,0.701940338740973,0.786681880748881,0.0254019741291889
"92","6697","Acute","b_cell_12",2,0.000485908649173955,0.101091192787248,0.0737171455143918,0.0373227514724281,0,0.339227368774101,0.148780485697073,0.305160442085696,0,0.0853375290563894,0.19853993263333,0.0181849420109755,0.0990313975149042,0.285883529553683,0.140486646530518,0.0528596013764773,0.536585740323756,0.117824677462768,0.741135685573088,0.0473127193983674,0.682233572854915,0.13258709536851,0,0.0488503453201903,0.706882935238537,0.00598065894404408,0.651390429674723,0.37622380159238,0.569269686307742,0.165041588015403,0,0.182771819797464,0.116915226533875,0.148852849859873,0.0209801890071443,0,0.738312829520139,0.822171788796661,0,0.607156872510136,0.756271892643689,0
"93","6697","Conv","b_cell_12",853,0.0105337252093161,0.13515259717891,0.110217860248337,0.0714990801813696,0.0280949725662801,0.442719916470216,0.269110971344924,0.263563125674261,0.0136626545351645,0.201368603422129,0.218087283821728,0.104280664458185,0.125947524140785,0.388494776476548,0.103144575904984,0.0658866059318196,0.691280931544984,0.153332961524596,0.796159560267825,0.0774507595465129,0.719436728206729,0.146980412199268,0.0427057446867623,0.159649042138531,0.75568812603757,0.0675569760718741,0.709434166149392,0.48630542634961,0.579491735003661,0.156548964893008,0.0203033312174603,0.27472010656805,0.0757568634296136,0.146519793679119,0.0379039749819063,0.0660421361410889,0.604853325828736,0.84533538055035,0.0247957010891139,0.707072214760135,0.778833250031336,0.0225013788553017
"94","6739","Acute","b_cell_12",2172,0.00787350196837549,0.171679183229395,0.116949638704131,0.0642811698898265,0.0238175593427168,0.63632307814292,0.169846561063988,0.260276491450323,0.0173595684967189,0.226066922260646,0.223765751988343,0.172839750909083,0.142759062897196,0.439424452921545,0.0590930038549445,0.0759893636902211,0.703308903474479,0.282012532579389,0.789038436602701,0.075867361874747,0.693154785702528,0.118956837978656,0.0724384108723629,0.144813669674503,0.667275152235762,0.0933111940941952,0.702111367298992,0.601939369193822,0.641842112070293,0.232771320944867,0.0200703105881213,0.307834368599743,0.0976412813889436,0.131724800635103,0.0277350552767641,0.0707030885117278,0.722643068306311,0.844925007386792,0.0243850974902094,0.692769609106958,0.775189195399059,0.0226868694549382
"95","6739","Conv","b_cell_12",718,0.00605948080883098,0.141821201444483,0.120561137271954,0.0650996136305163,0.0237358522899601,0.519447898346577,0.234028041319035,0.249876375904495,0.0185962250841695,0.224993537917442,0.225987040034187,0.16668868802942,0.13011352696096,0.440910173262583,0.0904862129304481,0.0643642540077641,0.646464448191141,0.192547340944364,0.791476317634401,0.106151972955323,0.732933554039195,0.147085154043289,0.0706299061797929,0.167846498184112,0.73370563016238,0.0857646438571705,0.704872687828824,0.460077127427679,0.581452738113983,0.213280682367569,0.0193634347249851,0.299823975046244,0.093873134727558,0.145828604998332,0.032378218984517,0.073636309899501,0.550296970049858,0.843287813657194,0.0232273626172275,0.68747023071661,0.772456353463323,0.0232322826454379
"96","6763","Acute","b_cell_12",129,0.0159456118665019,0.116621552171844,0.131147389059644,0.0694821161782006,0.0217960439484733,0.462204097355021,0.220982074024019,0.279918616436507,0.0282891951057587,0.253696720028852,0.16988590167617,0.0896391114496832,0.144018486844838,0.324013821199944,0.0935482153843365,0.0599434198928064,0.668851241994136,0.170270239313654,0.786959829618731,0.0961666798455811,0.737735005406065,0.173193791081872,0.044265155516709,0.148832738596378,0.755338982382947,0.0606350232895714,0.61218055023385,0.40730594226256,0.645743820931192,0.148076790029898,0.0189873892922436,0.244290756138064,0.0716015805760914,0.112765891807073,0.0422983458155001,0.0654840730249927,0.601999084054168,0.841712401460292,0.0232131095931816,0.700464399322696,0.779341702549527,0.0200235902984139
"97","6763","Conv","b_cell_12",686,0.0140697745964682,0.13785064777707,0.127120399137772,0.0697417313221274,0.02900763173071,0.418265378156394,0.31948663218147,0.272106691968734,0.0285137025031787,0.222021310868561,0.198032276503953,0.114581137408133,0.143633681926155,0.359773978282939,0.121403475693276,0.0603452987400788,0.703691666472306,0.136889102773064,0.818885616974943,0.113215664423124,0.786312883611495,0.194975329506293,0.047305378798724,0.173491422888959,0.805233858497302,0.0583477719165804,0.642032921554678,0.439097864055712,0.628911921760371,0.152600755448026,0.0202407027090692,0.282588870494365,0.0650183575846104,0.123517224831016,0.0492198843898089,0.0807989660413252,0.563081259642482,0.848075007411905,0.0172115686893073,0.722760664969291,0.791875104243871,0.015210926450695
"98","6775","Acute","b_cell_12",7011,0.0251638467557266,0.211609295678341,0.108779458633178,0.0621548654570156,0.0286344549258968,0.521553729110054,0.167834860905421,0.231436057420424,0.00954527251704906,0.228866541999343,0.186175952349193,0.180976912054022,0.0980818256245621,0.401711345774618,0.0677945569083206,0.083573433442731,0.712065843927835,0.190041634475526,0.766833599176193,0.0718373170960518,0.675038877452835,0.12270013539223,0.0742038936767822,0.145771058612181,0.709007912011889,0.084242018115104,0.723625573641198,0.595475018618222,0.554160871532864,0.245745540031036,0.0169583983679524,0.251406601085844,0.0832181052406883,0.112827098899027,0.0309688977573299,0.0640564259051268,0.727322153284427,0.8436166866306,0.0342097579877653,0.700186753199302,0.772974189336544,0.0200650033296576
"99","6775","Conv","b_cell_12",4642,0.0221810223721557,0.187398765571013,0.113605747795886,0.0630480625749214,0.0269007252033871,0.465344114811154,0.206196073993698,0.240237936574874,0.0119681905517778,0.204762172335763,0.197527208817043,0.173526454863923,0.0967556227056948,0.411224425788634,0.0822100630780721,0.0753719435641023,0.687999784583379,0.169966508237664,0.774116011792007,0.0811968465805939,0.685089549563869,0.138320909652284,0.0726829149569647,0.157578240332675,0.736679528130318,0.0825293621373613,0.730290826608918,0.581769657186342,0.537385031319375,0.238482536735628,0.0176882340715169,0.254870614128368,0.0831999182035434,0.121019370617381,0.0347538938804324,0.06422057841153,0.613717598780215,0.842957227461449,0.0341604018031076,0.699357867737724,0.772089054959792,0.0207423504113289
"100","6777","Acute","b_cell_12",7866,0.033011998640238,0.17260608131337,0.113568342738442,0.0633587742216157,0.023817234901249,0.542801797879935,0.247050514764774,0.22776133342627,0.0244406906139845,0.358746523349757,0.179369290678234,0.181065409732529,0.132116594026217,0.376367286267829,0.0584194576696945,0.107854196090443,0.686206720292342,0.357779437407208,0.766569026448586,0.0681172328643533,0.661648163570891,0.138618226361085,0.0756162322560012,0.148736915129607,0.650869104746466,0.0926572846523444,0.726307074377824,0.551049622787134,0.657202490183811,0.232888847387203,0.0166982788164415,0.265465642661435,0.0922064358470854,0.117650704403644,0.0312148355050507,0.0614944137703403,0.680740855126742,0.846165171386376,0.0314739914731591,0.69478410075452,0.785129958894325,0.0252765654400231
"101","6777","Conv","b_cell_12",4403,0.0441222154302492,0.169612683735832,0.121096237671051,0.0663666158938969,0.0286166272665233,0.581448024402375,0.266580684330794,0.246921777816962,0.0227954577222395,0.319611747942183,0.181716879280675,0.174955429016895,0.12699007595406,0.377227686460076,0.0649105112929027,0.109401934218162,0.681922237239663,0.280028528451587,0.767827881659312,0.0746416647712059,0.676529598352028,0.143652608043613,0.0745771637441,0.155238285163349,0.664706139281407,0.0933113422516444,0.730255815932965,0.444184672771528,0.636453577535888,0.227168204407899,0.0165519172088147,0.262262932704893,0.0921609816004481,0.120892235012713,0.035196214186444,0.0674485367617642,0.678661664352251,0.846838680883928,0.0329198802052252,0.704417660831489,0.785636391025048,0.0257516415552114
"102","6790","Acute","b_cell_12",5295,0.0194697033765871,0.177897050828923,0.120144904572125,0.0688179840141058,0.0211456642956073,0.666600724455478,0.308716874933353,0.25495475797889,0.0190908968843009,0.163564982312649,0.186038945363545,0.165971715768006,0.147541523574947,0.378834460971289,0.066126401790925,0.101085528786748,0.691941154211114,0.285440808717586,0.771263528735186,0.0749728361442308,0.641839387523727,0.141830599635693,0.0681395561275266,0.154196917434194,0.67139422254903,0.0863993929693842,0.76099031470099,0.598121206090487,0.64132039355975,0.223531498480705,0.0215902861630886,0.27859686267522,0.0869367898784926,0.124259897398565,0.0307004793315987,0.0657577565278995,0.746799999267542,0.851297855095126,0.0275792105803651,0.710355386309139,0.789080068874411,0.0207551554095424
"103","6790","Conv","b_cell_12",391,0.0171611657303371,0.176791045001403,0.131424573550675,0.0741895691259943,0.0308541752157881,0.642598012720585,0.263223284132744,0.254458210290083,0.0203100752577024,0.124067502639861,0.193867443794218,0.155560415141617,0.15839546381185,0.394393229739493,0.0771189954439999,0.0938702396649575,0.688388875290935,0.276804422333075,0.785793809329523,0.0865665613275915,0.720800491259202,0.152789993534524,0.0660864833925693,0.153949899107227,0.701821766148177,0.0839260673662848,0.717269669564422,0.383233951823529,0.647115597029824,0.208090198403552,0.023509055825411,0.288381003205292,0.101266821620182,0.128155213381967,0.0306956724898866,0.0696707965244523,0.652355408574589,0.849247184035609,0.0321449618412405,0.706899914976599,0.789831267893527,0.0211605578081822
"104","6819","Acute","b_cell_12",23,0.00132054888901648,0.132834843413328,0.0909380319180431,0.0769007065882644,0.00937149655920781,0.68699881636168,0.307651190979142,0.280447503408061,0.0180165164359699,0.284165313718564,0.201173294508401,0.142382736172961,0.151826270418726,0.366263581923093,0.0600931961561613,0.0563513721011674,0.67054929191513,0.336516044000376,0.777397501057973,0.105347127071093,0.607133313096892,0.129623131396001,0.118531448811372,0.133564063819912,0.647747572530063,0.0666207299843876,0.731350659090518,0.390192411027199,0.659687926912667,0.223893200774984,0.0278901673023453,0.30893672437443,0.101975317755932,0.119691557480898,0.0402307135078755,0.0789307211118617,0.745695419112211,0.859061299011568,0.0626813498998283,0.67974956930559,0.799031619949933,0.0291414554935681
"105","6819","Conv","b_cell_12",6892,0.0363532787577011,0.168885072633939,0.118868011501131,0.0699347480256179,0.024719495750003,0.594226981301267,0.300436237777992,0.242048808013867,0.0231735423160222,0.201230890653889,0.20308617848668,0.157021884082782,0.131902684043286,0.379699852587173,0.0849077498105665,0.0753767848835645,0.676582849443275,0.267093932592677,0.777941195882032,0.0870881494817891,0.673148553896428,0.158096134718052,0.0628555247947256,0.168389004167242,0.694184841080776,0.083407166307748,0.710599420915743,0.581716901033238,0.62624679841895,0.204780789377662,0.0227030362460066,0.275092997078747,0.0845567644681317,0.134125152516713,0.0348680956952489,0.0710923406379395,0.635660196387293,0.848041556747708,0.030868404643921,0.694551649540632,0.788125607095126,0.0215069340276396
"106","7066","Acute","b_cell_12",440,0.00901269971323228,0.0870238443194369,0.104874242420697,0.0556148241004807,0.0254831558413676,0.371273009596493,0.220635068764638,0.201504956518318,0.00955611073457606,0.274206749679412,0.128437955839836,0.107533362070923,0.096597643046479,0.295182729737975,0.0539925567243074,0.0706963265752272,0.586922241243929,0.185886779632023,0.730610489515994,0.0673818712764291,0.602872526360065,0.107487544257698,0.0560398142937543,0.124947043533159,0.641173900706886,0.0580074089096621,0.644662173805693,0.369236791008666,0.569048881158433,0.151201618628362,0.0137819012648101,0.201579302484098,0.0651557090173447,0.0806176283734684,0.0262471643704082,0.060718770139062,0.63806624187051,0.8392682330853,0.0257117591123491,0.66135023096443,0.763681168078538,0.0177994449723579
"107","7066","Conv","b_cell_12",3606,0.0223378554172087,0.106709077249197,0.119520670946111,0.0671939946646445,0.0246844978440359,0.437877288571135,0.260905885956051,0.237951316870772,0.0135823461030831,0.201180489113874,0.136481658877373,0.118269866564419,0.0976580809188223,0.30021703655515,0.0758752482212953,0.077743900221364,0.620089099769667,0.151263460560656,0.736411512076466,0.0844066941352585,0.628131340237282,0.129339805368779,0.0624925418455472,0.142765527819948,0.684472981915665,0.0650778258915091,0.707950351344804,0.553357183907929,0.584959162196245,0.164174744699754,0.0145211234692912,0.200033455711901,0.0654885167635184,0.0891395507820526,0.0317326366185161,0.0640408549947132,0.581242308232847,0.846063153403682,0.0212344188677656,0.67919663670368,0.77685401555294,0.0172677172915797
"108","7096","Conv","b_cell_12",724,0.0165959885386819,0.0797606853458101,0.112312748678544,0.0684679173897248,0.0174603912455174,0.382003239534762,0.240419590846432,0.236117155805599,0.0101969015482043,0.170219768420229,0.152960046698661,0.078745837428077,0.0938467041352088,0.300824318614177,0.0800043462448191,0.058867976972165,0.586075695068097,0.114756620343068,0.764410551056204,0.0977805984396398,0.661032655844526,0.146369643773674,0.0441417455943469,0.123288475199387,0.732764021244933,0.0508661570959456,0.682010096561039,0.39117697270632,0.553691023566932,0.110398739775779,0.0189338835335598,0.16256934750777,0.0592604476338694,0.0884728425389592,0.0297541539926672,0.065123824627812,0.556528352869464,0.848227246538643,0.0168911424394145,0.686642298202211,0.781283346469616,0.0147102384131522
"109","7100","Acute","b_cell_12",70,0.00350192605933263,0.101288317834468,0.0831446263461504,0.0423028711131116,0.0534786841947828,0.508075073894226,0.197119031189512,0.251621389463953,0.0137101711497084,0.240098128566273,0.202062971695084,0.098433808574528,0.138765241868234,0.366932294359933,0.0745617174292693,0.0570981421089032,0.626565474218989,0.164123315841289,0.783966798047742,0.0624344529932257,0.69857319504181,0.129024390194586,0.0419474243380719,0.131750380205152,0.714644594083584,0.064228104641065,0.634729052158386,0.38279864152834,0.623869589029773,0.140611649904792,0.0173045696890503,0.249803343112054,0.0635559022428983,0.136610590902551,0.0233210060373131,0.0450636728336284,0.575210750630825,0.840216090402275,0.0304823902754717,0.596933907304758,0.762148604548256,0.0269068605829573
"110","7100","Conv","b_cell_12",1051,0.00824941327912216,0.112686725713787,0.102425823480967,0.0629950389356081,0.0228202405139528,0.48459303469082,0.296637089167918,0.237279970763491,0.0197726915281677,0.1503148440133,0.223912737080888,0.10202084341247,0.126746202699888,0.394757995962215,0.0936742463803413,0.0620327810810575,0.662329929527795,0.160534379262789,0.811101996937219,0.0913580156286118,0.688785456041911,0.151606255365553,0.0571815374870036,0.157977402362982,0.739894286593207,0.0716159479892538,0.722948224114799,0.509285975600207,0.619773682310445,0.163174483118463,0.0166056727955335,0.278335917888406,0.0802467292570903,0.132940258787239,0.0376426322603415,0.0653184300522175,0.603375870823188,0.84484240862222,0.0219108677249871,0.69126826476114,0.781881257229825,0.0228625481638191
"111","7180","Acute","b_cell_12",116,0.00750371951613947,0.148278062540242,0.0782935386238081,0.0457218815772257,0.018380165177158,0.445762765709428,0.225628179714249,0.274256446480534,0.0184899463755934,0.198441485633845,0.186742388841865,0.102800644400398,0.107093301565203,0.435133222796877,0.0757135610307978,0.0703423258243071,0.63656526085975,0.184263467420202,0.793719458651388,0.0534874932582727,0.655457852686122,0.133369287371007,0.0455653044786778,0.126984607440481,0.677578167817352,0.0535555766899376,0.657954943143205,0.384638051923878,0.575270906253011,0.158539360645064,0.0218814409370608,0.238300069536777,0.0692817279884705,0.114399620698541,0.0298273394175321,0.0436615121345026,0.574197448204019,0.841368270212205,0.0290847088723387,0.629631119863033,0.774358736017522,0.0193631053353041
"112","7180","Conv","b_cell_12",2743,0.0267505363760484,0.160752316823405,0.094985051260825,0.0577058042441125,0.0264336819255808,0.48976168304884,0.269654175225684,0.254274493654682,0.0236042292497784,0.178646466458728,0.218984656838444,0.11480651362075,0.112820971422909,0.460896824953304,0.0830633182492297,0.0842867916893613,0.695504515170217,0.198346406179147,0.813558107522353,0.0781861494172449,0.675830829394118,0.160043390792327,0.0527976441142239,0.14273894829371,0.708369863485513,0.0693716085873322,0.706837121296191,0.469420818981995,0.58489194773818,0.160407653095162,0.0235409149675416,0.2714574567957,0.0753619241403928,0.133404816562816,0.0367840502383053,0.0541050683964032,0.652860461396319,0.852556354326501,0.0301629015831831,0.666767454204224,0.792486720261639,0.0200436615441473
"113","7208","Acute","b_cell_12",10617,0.0298134866924636,0.177147390517479,0.113156524587508,0.058675231160973,0.0234805059996362,0.571900589923448,0.246250699005381,0.226794892117368,0.0116664318349627,0.121061731388427,0.169137682087433,0.169218599254204,0.104057387548576,0.340337200557653,0.0574280307905337,0.0848746464645869,0.655104669238583,0.216585636959864,0.755794569727397,0.0669402235623048,0.639448039783122,0.116103745377367,0.0645657323840981,0.131980239847932,0.631717234559923,0.0780193108493504,0.702896004867963,0.666427524641736,0.584068600051015,0.220766023499454,0.0142411731065158,0.256800121249193,0.0746192949521726,0.108420787070476,0.0247295014535804,0.0592185138158644,0.710246742786851,0.849083476467819,0.0308104005512443,0.674558185270141,0.774874919747693,0.0170514005643097
"114","7208","Conv","b_cell_12",206,0.003059830075456,0.160777282707561,0.122414481062584,0.0651954827932674,0.0233073161691445,0.50243973883175,0.222083980499522,0.254299686552333,0.0148984328838599,0.121250088070634,0.176301055522591,0.145410897098467,0.112806313104071,0.336264853873876,0.074614049075097,0.0750115600959662,0.62120863631747,0.171091424995141,0.764407412990776,0.0762014746677688,0.677734967318255,0.131127491488434,0.0794990636359989,0.138050435645107,0.677159460656322,0.079008906042838,0.667008680790918,0.475196650308823,0.545840061216648,0.197833887400326,0.0211499218244056,0.248660016737369,0.0931584928166631,0.12122842326076,0.0292092369288471,0.0686591847602545,0.63868450839166,0.850434345965335,0.0424033377710196,0.677365692022208,0.780017226623601,0.0161693411815351
"115","726","Acute","b_cell_12",486,0.00173688047689163,0.122873877722878,0.0692898249233732,0.0555889557252381,0.0186805712476611,0.459256669488909,0.168386694750255,0.410845838985201,0.017006899214498,0.106926903269061,0.198321547712914,0.0449066964165713,0.147189762932464,0.361355855550301,0.0722389234349049,0.0477642270265283,0.604498764461652,0.163465507477537,0.775945547555248,0.0518083267081687,0.664045048359928,0.111377882351476,0.0490463688004241,0.107863401378203,0.64259536288415,0.0409430248489885,0.60443685878798,0.535565515246654,0.659655694990635,0.0757897836970714,0.0177059802845642,0.196494923103677,0.0548966985930882,0.108511464301102,0.0322024164523592,0.0377500283062829,0.580158734779836,0.841728625286714,0.0241946218155983,0.558674449961352,0.763191146453129,0.0185063564619274
"116","726","Conv","b_cell_12",2739,0.00791099480976354,0.100765739622536,0.0752514375290046,0.0480192379268787,0.0215407885455975,0.313150778848266,0.222429783312489,0.380905680546426,0.0119740601883634,0.141738413484624,0.209722944066248,0.042302269439554,0.113878373797189,0.365247316571582,0.0997247791729793,0.0403441041403232,0.58351923946022,0.115692879462123,0.784989371131171,0.0719259013145335,0.706314414885149,0.139758146025788,0.0389331797032582,0.131862124216743,0.697506454208299,0.0382477769918378,0.596170499193324,0.467705229517148,0.611424058402953,0.0678647064109157,0.0108593397735494,0.192940920872631,0.0501100506115156,0.103408003274914,0.0340873633106515,0.0431645114867873,0.389003961750274,0.840880449108243,0.0246219452820479,0.548281557184443,0.758484817593181,0.0182718234223666
